0.000000
0.000000
0.000002
0.000006
0.000015
0.000030
0.000052
0.000084
0.000128
0.000187
0.000265
0.000366
0.000495
0.000657
0.000858
0.001104
0.001400
0.001752
0.001771
0.001729
0.001999
0.002294
0.002618
0.002964
0.003331
0.003720
0.004136
0.004599
0.005093
0.005597
0.006122
0.006671
0.007244
0.007841
0.008464
0.009114
0.009791
0.010495
0.011228
0.011989
0.012779
0.013599
0.014447
0.015323
0.016227
0.017158
0.018115
0.019095
0.020097
0.021120
0.022162
0.023202
0.024127
0.024927
0.025730
0.026594
0.027464
0.028284
0.029062
0.029800
0.030502
0.031167
0.031795
0.032947
0.034061
0.034578
0.035058
0.035501
0.035909
0.036281
0.036620
0.036926
0.037201
0.037444
0.037659
0.037847
0.038008
0.038144
0.038258
0.038349
0.038420
0.038471
0.038503
0.038516
0.038508
0.038476
0.038416
0.038318
0.038175
0.038089
0.038105
0.038134
0.038136
0.038097
0.038005
0.037845
0.037612
0.037318
0.036979
0.036616
0.036251
0.035906
0.035591
0.035308
0.035049
0.034811
0.034592
0.034392
0.034290
0.034357
0.034461
0.034514
0.034566
0.034641
0.034750
0.034900
0.035100
0.035428
0.035892
0.036393
0.037525
0.038693
0.039289
0.039956
0.040703
0.041513
0.042394
0.043351
0.044382
0.045489
0.046683
0.047939
0.049248
0.050400
0.051226
0.051822
0.052313
0.052827
0.053670
0.054865
0.056011
0.057043
0.058135
0.060371
0.062854
0.064472
0.065996
0.067279
0.068251
0.069271
0.070519
0.071803
0.073117
0.074796
0.077806
0.080498
0.081556
0.082005
0.082100
0.082275
0.083811
0.085461
0.085895
0.086641
0.087923
0.090487
0.092463
0.093621
0.096857
0.099869
0.101343
0.104758
0.108202
0.111373
0.114881
0.118007
0.121199
0.124540
0.131188
0.135438
0.139763
0.148885
0.157996
0.167546
0.180133
0.187077
0.194579
0.208378
0.225065
0.232395
0.238964
0.252837
0.267671
0.282390
0.293688
0.308304
0.328229
0.336783
0.350733
0.364525
0.373753
0.391916
0.435964
0.425591
0.391311
0.416041
0.425790
0.435614
0.458419
0.454824
0.461871
0.473078
0.480277
0.500272
0.556585
0.526429
0.478820
0.552471
0.585370
0.614265
0.536988
0.487402
0.620447
0.610327
0.612686
0.610402
0.513845
0.548520
0.590462
0.595918
0.601566
0.607409
0.615780
0.623733
0.633752
0.644212
0.650896
0.655625
0.660751
0.706081
0.715977
0.684689
0.695532
0.752761
0.738420
0.677974
0.727733
0.722689
0.699030
0.722961
0.708642
0.708857
0.725393
0.736664
0.736504
0.762181
0.761300
0.730304
0.780333
0.828892
0.825834
0.833400
0.843353
0.863309
0.863746
0.868880
0.893737
0.838721
0.836657
0.879520
0.900589
0.935848
0.919469
0.901827
0.934080
0.965707
0.964585
0.968993
0.978930
0.978861
0.934503
0.922479
0.963235
0.966079
0.952549
0.949985
0.968234
0.963157
0.887247
0.860327
0.886991
0.883729
0.912337
0.884565
0.844743
0.862233
0.859699
0.857580
0.854336
0.849536
0.843068
0.837885
0.833854
0.828623
0.823695
0.819708
0.812230
0.804561
0.798031
0.791657
0.787925
0.779601
0.771273
0.765727
0.748481
0.756695
0.762055
0.720727
0.713687
0.717967
0.702849
0.712781
0.723322
0.745569
0.762873
0.776419
0.795164
0.777799
0.788428
0.836291
0.849826
0.802579
0.835173
0.912519
0.887843
0.825349
0.851807
0.951506
0.936594
0.879743
0.982693
1.004279
0.954312
0.947535
0.966935
1.046688
1.009313
1.036247
1.024149
1.041223
1.155198
1.123258
1.084721
1.029112
0.993958
1.080103
1.109232
1.087001
1.101237
1.131119
1.120147
1.089349
1.112923
1.111179
1.161115
1.163763
1.113362
1.148235
1.177465
1.158431
1.203691
1.206918
1.127315
1.170546
1.188008
1.196154
1.226252
1.214610
1.214632
1.265901
1.294828
1.289161
1.250419
1.191805
1.165895
1.146240
1.171533
1.196105
1.240502
1.167029
1.101902
1.096280
1.163794
1.179530
1.107735
1.203301
1.213239
1.095645
1.137925
1.208889
1.113643
1.118255
1.308211
1.269367
1.109025
1.061099
1.213316
1.251851
1.037783
1.090767
1.245401
1.293182
1.234771
1.108964
4.404560
7.775134
7.275186
6.837909
6.928415
6.931651
6.820952
6.758351
6.792527
6.382354
6.741207
6.801249
6.199758
6.442722
6.757617
6.915190
6.737170
6.587878
6.593684
