0.000000
0.000000
0.000002
0.000006
0.000015
0.000030
0.000052
0.000084
0.000128
0.000187
0.000265
0.000366
0.000495
0.000657
0.000858
0.001104
0.001302
0.001187
0.001117
0.001348
0.001613
0.001915
0.002261
0.002648
0.003074
0.003543
0.004057
0.004637
0.005280
0.005963
0.006691
0.007468
0.008296
0.009175
0.010107
0.011090
0.012126
0.013212
0.014348
0.015532
0.016760
0.018576
0.020444
0.021816
0.023218
0.024668
0.026267
0.027953
0.029599
0.031213
0.032652
0.033877
0.035027
0.036139
0.037214
0.038248
0.039242
0.040194
0.041104
0.041973
0.042800
0.043586
0.044333
0.045042
0.045713
0.046350
0.046942
0.047497
0.048026
0.048512
0.048947
0.049315
0.049598
0.049777
0.049850
0.049809
0.049659
0.049426
0.049131
0.048797
0.048439
0.048070
0.047693
0.047309
0.046919
0.046540
0.046301
0.046167
0.045969
0.045712
0.045433
0.045149
0.044873
0.044611
0.044369
0.044152
0.043964
0.043808
0.043686
0.043601
0.043555
0.043550
0.043588
0.044272
0.045012
0.045211
0.045460
0.045762
0.046120
0.046534
0.047002
0.047531
0.048131
0.048801
0.049546
0.050327
0.051136
0.052038
0.053075
0.054026
0.054695
0.055143
0.055448
0.055710
0.055946
0.056380
0.057208
0.058085
0.058819
0.059550
0.060393
0.061494
0.063650
0.065839
0.067187
0.068577
0.069716
0.070494
0.071300
0.072310
0.073377
0.074421
0.075812
0.078551
0.081302
0.082764
0.083630
0.084392
0.085288
0.085549
0.085547
0.087184
0.088421
0.088344
0.089031
0.090180
0.092358
0.094038
0.095339
0.098662
0.101285
0.102727
0.106280
0.109287
0.112270
0.115873
0.119169
0.123375
0.130533
0.134030
0.136467
0.145424
0.155424
0.166855
0.177515
0.187636
0.199196
0.214462
0.227548
0.247751
0.259111
0.265153
0.283838
0.301779
0.327896
0.350712
0.352321
0.359511
0.378795
0.388322
0.402328
0.417645
0.427568
0.438314
0.452239
0.464481
0.481032
0.502330
0.528757
0.536333
0.544961
0.570355
0.604827
0.675718
0.755504
0.802983
0.931147
1.142765
1.385900
1.725873
2.032720
2.598938
3.346518
4.115019
4.768095
4.853078
4.402605
3.596995
2.796703
2.041216
1.486209
1.211245
0.979409
0.879074
0.842156
0.793591
0.809015
0.820087
0.837711
0.890498
0.962019
1.061229
1.140824
1.238397
1.310399
1.386032
1.455685
1.549012
1.744978
2.024452
1.986860
2.006755
2.319133
2.405859
2.506925
2.665394
2.849117
3.036152
3.399504
3.293802
3.263803
3.679571
3.769262
3.909298
4.032271
4.295312
4.578674
4.502837
4.611729
4.864119
4.989849
5.108758
5.203437
5.850369
5.440892
5.143852
5.973555
7.086763
6.862292
5.680448
6.152333
6.374966
7.391486
8.758963
6.831835
6.379484
8.147328
7.093390
6.803462
8.108835
7.822783
7.689296
8.192928
8.156700
8.034697
7.970318
8.219797
8.832419
8.827057
7.743478
7.272218
8.433408
8.729188
7.381473
7.632650
8.311292
7.166014
7.550583
7.538144
6.471766
6.706384
6.847437
6.997100
7.087043
7.184198
7.174411
7.035249
6.843109
6.724028
6.757067
6.877981
7.015115
7.158819
7.304734
7.405350
7.404242
7.279602
7.123726
6.940220
6.665574
5.771832
5.475050
5.104037
4.986265
5.108263
5.121304
5.411293
5.026875
4.859511
4.781184
4.756077
4.779070
5.090303
5.226291
5.026310
5.092593
5.117225
4.997336
5.026725
5.076750
5.133762
5.067228
5.008385
5.072859
5.660578
5.951502
5.126888
4.686172
4.971239
4.711721
4.294330
4.484118
4.675473
4.963470
5.116158
4.996802
4.853908
4.800711
4.928216
5.151397
5.059893
4.990447
5.335132
5.210995
5.160067
5.257105
5.129396
5.324418
6.127360
5.695788
5.472999
5.550211
4.984543
5.160816
5.206854
5.346809
5.451164
5.457351
5.498343
5.529753
5.507267
5.468430
5.457430
5.396510
5.394852
5.439013
5.414775
5.396113
5.297282
5.272013
5.316653
5.352019
5.364947
5.323780
5.293025
5.278899
5.327503
5.360604
5.329330
5.305411
5.269266
5.312444
5.416341
5.500644
5.601049
5.665197
5.687425
5.727655
5.786525
5.809331
5.802442
5.793125
5.768255
6.362782
6.244186
8.231794
23.894090
37.485427
38.720458
38.609017
38.007955
38.066893
38.153932
38.221211
38.379851
38.389947
37.848752
37.680928
38.133241
38.498904
37.971368
37.242865
37.121716
