0.000000
0.000000
0.000002
0.000006
0.000015
0.000030
0.000052
0.000084
0.000128
0.000187
0.000265
0.000366
0.000495
0.000657
0.000858
0.001104
0.001400
0.001399
0.001347
0.001581
0.001840
0.002128
0.002449
0.002798
0.003172
0.003575
0.004009
0.004495
0.005021
0.005567
0.006140
0.006744
0.007380
0.008048
0.008750
0.009485
0.010254
0.011059
0.011898
0.012771
0.013679
0.014621
0.015595
0.016600
0.017635
0.018697
0.019785
0.020895
0.022027
0.023176
0.024364
0.025517
0.026554
0.027519
0.028444
0.029334
0.030778
0.032188
0.032973
0.033721
0.034429
0.035098
0.035728
0.036319
0.036870
0.037382
0.037856
0.038292
0.038692
0.039056
0.039386
0.039684
0.039952
0.040190
0.040401
0.040587
0.040749
0.040890
0.041011
0.041114
0.041199
0.041266
0.041303
0.041315
0.041304
0.041246
0.041117
0.040899
0.040685
0.040538
0.040365
0.040116
0.039806
0.039449
0.039060
0.038657
0.038254
0.037861
0.037485
0.037127
0.036788
0.036476
0.036297
0.036250
0.036187
0.036088
0.035990
0.035912
0.035863
0.035849
0.035875
0.035954
0.036156
0.036470
0.036813
0.037183
0.038196
0.039274
0.039798
0.040353
0.040984
0.041699
0.042481
0.043335
0.044269
0.045276
0.046359
0.047521
0.048763
0.049974
0.050947
0.051636
0.052138
0.052578
0.053074
0.053963
0.055145
0.056198
0.057183
0.058260
0.060490
0.062943
0.064510
0.065968
0.067188
0.068137
0.069137
0.070356
0.071609
0.072911
0.074608
0.077591
0.080198
0.081121
0.081384
0.081365
0.081521
0.083011
0.084601
0.085007
0.085848
0.087317
0.089751
0.091644
0.092977
0.096367
0.099045
0.101679
0.105254
0.108524
0.111806
0.115151
0.118639
0.122057
0.126179
0.131045
0.138277
0.147380
0.157609
0.165173
0.172550
0.183831
0.194367
0.206583
0.219568
0.228527
0.241154
0.255424
0.268104
0.282122
0.294641
0.308568
0.349199
0.347330
0.333454
0.358091
0.367292
0.378859
0.393016
0.406466
0.411412
0.414746
0.425983
0.437040
0.445114
0.448506
0.460268
0.484506
0.527887
0.497769
0.463544
0.541679
0.519108
0.482119
0.521591
0.530803
0.570367
0.529853
0.555100
0.571037
0.567880
0.629943
0.578885
0.545023
0.570726
0.593650
0.609903
0.619328
0.563566
0.581715
0.656416
0.725581
0.679174
0.595950
0.642715
0.667105
0.674403
0.699777
0.717446
0.712309
0.717487
0.731877
0.728854
0.724558
0.797461
0.782416
0.729766
0.802332
0.857122
0.769300
0.749082
0.822674
0.798253
0.808057
0.817302
0.807635
0.869153
0.828614
0.807664
0.880660
0.889345
0.904432
0.919159
0.938315
0.943375
0.948822
0.982347
1.011161
1.028695
1.048609
1.067149
1.089570
1.093357
1.097426
1.116258
1.113461
1.105855
1.132424
1.148726
1.221212
1.180573
1.088916
1.150093
1.189423
1.178297
1.166612
1.159173
1.166154
1.161502
1.166229
1.171289
1.126210
1.117346
1.119289
1.200010
1.125444
0.991698
1.043953
1.066872
1.023754
0.994901
1.018755
1.020815
1.002294
0.988745
0.983810
1.002998
0.987311
0.959246
0.973518
0.964139
0.967668
0.951488
0.931869
0.943118
0.942353
0.939570
0.935202
0.933039
0.929495
0.924683
0.921336
0.918614
0.914339
0.906580
0.965329
1.022213
0.910803
0.853641
0.878866
0.882333
0.885763
0.868265
0.873362
0.908785
0.968370
1.143526
1.247987
1.189148
1.165300
1.063152
1.025598
1.086804
1.080453
1.080179
1.054928
1.115012
1.217465
1.301804
1.354922
1.345210
1.389902
1.375700
1.347506
1.352718
1.427302
1.593343
1.423398
1.344638
1.513645
1.483244
1.470963
1.453068
1.497912
1.574024
1.588960
1.554155
1.506717
1.550974
1.598412
1.607287
1.645886
1.709822
1.652297
1.589154
1.687673
1.735407
1.683937
1.758760
1.834964
1.929868
1.922747
1.743145
1.699078
1.709607
1.776306
1.923329
1.785766
1.605014
1.653197
1.617350
1.735173
1.879254
1.809920
1.731863
1.705647
1.734403
1.793658
1.734935
1.645376
1.646561
1.795901
1.759540
1.607618
1.654341
1.661098
1.714983
1.727544
1.743850
1.694951
1.557791
1.617429
1.700166
1.684158
1.695536
6.804509
10.633190
9.163783
10.137263
10.213755
9.657995
10.423640
10.078877
10.178194
10.659730
9.603997
9.634774
10.339258
9.552463
9.532052
10.299557
10.475131
10.439973
