0.000000
0.000000
0.000002
0.000006
0.000015
0.000030
0.000052
0.000084
0.000128
0.000187
0.000265
0.000366
0.000495
0.000657
0.000858
0.001104
0.001054
0.000961
0.001161
0.001392
0.001654
0.001952
0.002292
0.002672
0.003089
0.003545
0.004043
0.004601
0.005223
0.005885
0.006586
0.007332
0.008126
0.008969
0.009860
0.010799
0.011787
0.012822
0.013903
0.015029
0.016197
0.017405
0.018648
0.019925
0.021801
0.023726
0.025218
0.026814
0.028392
0.029905
0.031220
0.032357
0.033450
0.034505
0.035522
0.036500
0.037436
0.038331
0.039182
0.039991
0.040757
0.041481
0.042162
0.042803
0.043404
0.043968
0.044495
0.044989
0.045451
0.045882
0.046273
0.046633
0.046971
0.047271
0.047524
0.047712
0.047819
0.047833
0.047743
0.047544
0.047250
0.046885
0.046476
0.046050
0.045629
0.045221
0.044825
0.044435
0.044046
0.043657
0.043270
0.042887
0.042531
0.042307
0.042167
0.041985
0.041784
0.041587
0.041407
0.041251
0.041127
0.041037
0.040986
0.040978
0.041013
0.041096
0.041817
0.042601
0.042859
0.043173
0.043544
0.043976
0.044471
0.045023
0.045581
0.046236
0.047014
0.047846
0.048713
0.049648
0.050716
0.051800
0.052696
0.053324
0.053755
0.054095
0.054394
0.054776
0.055579
0.056584
0.057439
0.058254
0.059137
0.060269
0.062515
0.064813
0.066213
0.067568
0.068632
0.069423
0.070377
0.071497
0.072604
0.073811
0.075456
0.078374
0.080975
0.082032
0.082815
0.083097
0.082949
0.083025
0.084645
0.086066
0.086297
0.087210
0.089634
0.091617
0.092455
0.095362
0.098525
0.099872
0.102958
0.106296
0.109431
0.112929
0.116148
0.120602
0.124050
0.127698
0.134310
0.143706
0.152475
0.164858
0.175792
0.183783
0.195840
0.209713
0.221584
0.230688
0.245904
0.262999
0.274300
0.288236
0.310619
0.322420
0.335822
0.349196
0.360893
0.374058
0.381470
0.418703
0.434895
0.408358
0.422845
0.439243
0.458421
0.472442
0.490364
0.527974
0.570348
0.692241
0.884791
1.086624
1.896399
4.022052
18.748180
316.756419
2067.441781
2625.633658
1404.758136
845.591366
495.192747
333.341829
242.323200
182.020617
138.012862
98.931140
70.821520
61.989074
61.107213
52.986603
42.161029
34.663028
15.423455
1.456933
0.140208
0.095428
0.110627
0.133353
0.155686
0.209083
0.249137
0.289377
0.372814
0.447643
0.542189
0.621914
0.650463
0.742813
0.858861
0.993900
1.184663
1.196199
1.249923
1.539816
1.703845
1.710059
1.776326
1.876534
2.089155
2.252425
2.257514
2.430238
2.638297
2.720839
2.839727
2.968232
3.204326
3.197133
3.166553
3.396270
3.532840
3.652638
4.177299
3.806887
3.588207
4.411139
5.037492
4.453293
4.004729
4.710185
4.987972
5.168322
5.462020
5.279168
5.324081
5.384550
5.446368
5.632134
5.556703
5.738998
5.685539
5.983956
6.012281
6.232658
6.027929
5.563630
5.690991
5.956580
6.134845
5.983756
6.271776
5.856271
5.408903
5.168208
4.786014
5.479203
5.442612
4.862231
4.983492
5.743923
5.752980
4.674789
4.285094
4.298086
4.399884
4.493150
4.550030
4.593204
4.637849
4.702190
4.721688
4.712679
4.692404
4.627448
4.538476
4.441900
4.352013
4.237913
4.070257
3.566655
3.319521
3.332894
3.476701
3.827904
3.578222
3.353282
3.440061
3.351027
3.252109
3.278169
3.315259
3.322100
3.366863
3.411170
3.408380
3.394052
3.385468
3.383396
3.418368
3.449062
3.438942
3.448005
3.470056
3.472446
3.461223
3.475662
3.488620
3.501779
3.883353
4.031147
3.587460
3.472235
3.525212
3.235927
3.650722
3.909019
3.931804
3.505205
2.670897
2.892849
3.226475
3.308159
3.243156
3.245697
3.261571
3.140369
2.982799
3.219940
3.557026
3.664025
3.765664
3.804450
3.801392
3.594667
3.402163
3.475922
3.602583
3.748025
3.892331
4.011136
4.151039
4.242131
4.294288
4.323546
4.201632
4.200877
4.296175
4.270946
4.251922
4.240664
4.235661
4.304508
4.275361
4.278195
4.316340
4.286672
4.239715
4.274366
4.264311
4.217008
4.290666
4.299365
4.204109
4.235088
4.228666
4.148166
4.230346
4.170514
4.181542
4.118585
4.130148
4.118144
4.054096
4.011007
16.723854
27.915326
28.380803
28.367244
26.970045
28.531467
28.792826
29.636320
30.009215
26.902577
24.026710
25.312571
37.341775
47.888729
36.192327
27.870963
31.832982
