0.000000
0.000000
0.000002
0.000006
0.000015
0.000030
0.000052
0.000084
0.000128
0.000187
0.000265
0.000366
0.000495
0.000657
0.000858
0.001104
0.001072
0.000998
0.001199
0.001428
0.001688
0.001981
0.002315
0.002685
0.003089
0.003530
0.004009
0.004547
0.005143
0.005775
0.006442
0.007151
0.007904
0.008702
0.009544
0.010431
0.011363
0.012340
0.013360
0.014422
0.015524
0.016665
0.017841
0.019050
0.020288
0.021552
0.022863
0.024892
0.027007
0.028487
0.029784
0.030897
0.031955
0.032977
0.033961
0.034907
0.035814
0.036679
0.037502
0.038283
0.039022
0.039717
0.040371
0.040983
0.041554
0.042085
0.042579
0.043037
0.043461
0.043852
0.044214
0.044547
0.044855
0.045127
0.045373
0.045601
0.045798
0.045954
0.046053
0.046079
0.046014
0.045849
0.045576
0.045197
0.044740
0.044245
0.043757
0.043311
0.042917
0.042563
0.042229
0.041898
0.041563
0.041223
0.040884
0.040551
0.040230
0.039927
0.039660
0.039509
0.039442
0.039367
0.039296
0.039248
0.039231
0.039252
0.039315
0.039425
0.039584
0.040384
0.041251
0.041596
0.042000
0.042466
0.042946
0.043478
0.044117
0.044826
0.045611
0.046473
0.047403
0.048411
0.049487
0.050636
0.051656
0.052371
0.052873
0.053245
0.053589
0.054042
0.054899
0.055963
0.056881
0.057756
0.058712
0.060808
0.063137
0.064623
0.066084
0.067367
0.068309
0.069163
0.070234
0.071413
0.072570
0.074013
0.076828
0.079689
0.081017
0.081773
0.082009
0.081878
0.081966
0.083532
0.085110
0.085391
0.086188
0.088538
0.090600
0.091566
0.093359
0.096575
0.098958
0.101987
0.105396
0.108581
0.112046
0.115254
0.119770
0.124650
0.129680
0.134627
0.145863
0.155522
0.161788
0.172460
0.181602
0.192403
0.207517
0.216996
0.224580
0.240090
0.256967
0.270871
0.284422
0.318296
0.321123
0.316579
0.340056
0.349977
0.363198
0.377250
0.385743
0.391963
0.424818
0.432244
0.427340
0.445208
0.469685
0.477288
0.483216
0.536499
0.642801
0.687777
0.835202
1.079776
1.925534
2.693112
6.107104
38.132011
372.167076
30388.875051
32033.850814
2568.062013
894.283038
414.675749
231.715565
189.384258
127.536832
151.589801
140.174743
56.650005
3.108563
0.274041
0.072925
0.070235
0.080604
0.090363
0.093695
0.097737
0.108707
0.121670
0.130671
0.142420
0.162404
0.181016
0.201517
0.224211
0.247330
0.271791
0.298827
0.325573
0.356155
0.376481
0.420453
0.461852
0.496554
0.549656
0.610890
0.611084
0.717027
0.767489
0.835434
0.958201
0.970268
1.052395
1.100170
1.146072
1.240891
1.289243
1.310189
1.382779
1.466970
1.553988
1.574969
1.609947
1.724062
1.873523
1.997990
2.043082
2.088625
2.204448
2.228684
2.304532
2.601396
2.702069
2.366198
2.373856
2.626856
2.661635
2.715775
2.761048
2.801225
2.835658
2.896234
2.917801
3.002270
2.954911
2.968186
2.948085
2.966044
2.970599
2.927065
2.986239
2.796472
2.721263
2.750871
2.738963
2.731998
2.721922
2.713299
2.704425
2.687984
2.668454
2.636161
2.604371
2.577872
2.548110
2.343921
2.362493
2.400613
2.370731
2.384631
2.308460
2.392050
2.350802
2.292781
2.277352
2.254389
2.280489
2.301227
2.297984
2.303494
2.311371
2.320327
2.330645
2.342138
2.368209
2.378225
2.382698
2.400671
2.406639
2.409732
2.417264
2.402578
2.376447
2.361019
2.345157
2.276095
2.259746
2.321639
2.384216
2.426374
2.387822
2.594366
2.647329
2.258299
2.248462
2.388770
1.985603
1.839072
2.138992
2.239724
2.219396
2.178166
2.167376
2.206085
2.239553
2.251801
2.299051
2.324551
2.342631
2.380590
2.407913
2.432321
2.464624
2.509402
2.524164
2.530332
2.560312
2.590914
2.627123
2.673186
2.718097
2.740214
2.786718
2.812108
2.865269
2.894511
2.958177
2.963428
3.002374
3.028082
3.024218
3.103643
2.956744
2.976652
3.086026
2.909273
2.955388
3.152141
3.116874
3.038774
2.963723
2.891709
3.176164
3.206652
2.946603
2.937704
2.679263
2.236830
2.023415
2.314406
2.581592
2.650899
2.768385
2.848304
2.980367
3.046471
2.982899
3.030267
3.072188
3.032684
3.078680
3.055501
2.975888
11.806013
21.176339
20.804910
19.514947
19.931022
20.552543
19.686407
19.553574
23.443781
24.678064
20.313320
17.141305
15.463868
16.220509
15.201604
15.568618
18.466453
