0.000000
0.000000
0.000002
0.000006
0.000015
0.000030
0.000052
0.000084
0.000128
0.000187
0.000265
0.000366
0.000495
0.000657
0.000858
0.001104
0.001045
0.000943
0.001143
0.001374
0.001638
0.001939
0.002283
0.002668
0.003091
0.003555
0.004062
0.004631
0.005266
0.005944
0.006661
0.007427
0.008242
0.009108
0.010023
0.010989
0.012005
0.013070
0.014183
0.015341
0.016542
0.017783
0.019061
0.020939
0.022859
0.024285
0.025851
0.027487
0.029085
0.030627
0.031971
0.033131
0.034242
0.035316
0.036350
0.037345
0.038298
0.039208
0.040076
0.040901
0.041683
0.042422
0.043120
0.043778
0.044397
0.044979
0.045526
0.046040
0.046517
0.046956
0.047367
0.047746
0.048080
0.048357
0.048559
0.048669
0.048680
0.048582
0.048376
0.048085
0.047732
0.047341
0.046935
0.046528
0.046124
0.045723
0.045322
0.044919
0.044517
0.044122
0.043839
0.043673
0.043484
0.043249
0.043003
0.042763
0.042539
0.042339
0.042167
0.042028
0.041925
0.041861
0.041839
0.041860
0.041928
0.042638
0.043408
0.043647
0.043941
0.044291
0.044699
0.045171
0.045700
0.046290
0.046921
0.047652
0.048461
0.049269
0.050175
0.051217
0.052279
0.053161
0.053780
0.054197
0.054515
0.054785
0.055121
0.055844
0.056810
0.057662
0.058448
0.059274
0.060326
0.062511
0.064768
0.066161
0.067579
0.068740
0.069542
0.070396
0.071451
0.072553
0.073661
0.075129
0.077914
0.080717
0.082049
0.082742
0.083453
0.083769
0.083647
0.085053
0.086625
0.086828
0.087259
0.088213
0.090524
0.092551
0.093667
0.096781
0.099543
0.100934
0.104429
0.107529
0.110483
0.113982
0.117434
0.121814
0.126722
0.131501
0.138163
0.147570
0.156891
0.166569
0.176698
0.187145
0.197458
0.209187
0.226450
0.241754
0.253332
0.265983
0.280771
0.301184
0.324460
0.333505
0.338538
0.355052
0.367693
0.378264
0.392743
0.401628
0.410697
0.421668
0.433848
0.455122
0.478968
0.485481
0.488519
0.522391
0.577487
0.656499
0.771314
1.050362
1.517557
2.679676
6.179368
42.093688
451.870768
1645.900025
1902.855728
1095.162348
722.577727
497.512459
314.243910
201.390756
152.719622
121.135550
101.798273
90.689134
78.510131
68.125425
54.300927
23.947658
3.020629
0.422095
0.207913
0.236483
0.269541
0.280887
0.333236
0.414415
0.461097
0.507837
0.614805
0.718279
0.783656
0.894992
0.998194
1.074327
1.198006
1.349798
1.428726
1.499138
1.636345
1.820569
2.024170
2.099552
2.267543
2.308655
2.239197
2.679953
2.925320
2.906686
3.023104
3.139273
3.306474
3.443127
3.571174
3.719168
3.838166
3.895939
4.020983
4.137222
4.252576
4.450791
4.592399
4.924362
4.965533
4.965865
5.225901
5.580945
5.505643
6.120429
6.325416
6.398014
5.606891
5.516122
6.703306
5.638650
5.993585
6.382613
6.077789
6.448180
6.536145
6.598602
6.617512
6.623529
6.649022
6.667400
6.697855
6.712540
6.744336
6.738318
6.579152
5.965905
5.675985
6.434161
5.935461
4.890624
4.933125
4.998273
6.651777
6.939003
5.045908
4.594532
4.773896
4.903269
4.994103
5.071153
5.155963
5.225361
5.283990
5.357149
5.380877
5.334226
5.263327
5.194153
5.104154
4.983734
4.807676
4.212480
3.795849
3.908852
4.021163
4.056466
4.102852
4.256366
4.158836
4.038479
4.072132
4.000031
3.905667
3.610692
3.195898
3.169100
3.501048
3.631991
3.670239
4.154474
4.237787
3.680693
3.978258
4.714979
4.397814
4.102961
4.074146
3.997680
3.608480
3.014206
3.077801
3.281240
3.444007
3.539258
3.585943
3.638150
3.689708
3.752175
3.832914
3.638726
3.454509
3.558622
3.680708
3.825281
3.953635
4.086026
4.234439
4.340901
4.433141
4.531897
4.583094
4.568186
4.571555
4.581533
4.579496
4.591980
4.586395
4.582187
4.623330
4.680679
4.690027
4.728469
4.761861
4.723125
4.673188
4.631641
4.600400
4.574913
4.558845
4.547528
4.538529
4.523762
4.527541
4.535259
4.516923
4.478397
4.435693
4.430372
4.401630
4.376709
4.400341
4.418563
4.429162
4.435743
4.490323
4.540128
4.533862
4.508687
4.503983
4.510637
4.469430
4.431992
4.391981
4.440755
4.569527
4.560454
18.383761
31.783428
31.596371
35.994655
33.492892
29.446649
30.580012
31.987081
29.651536
26.552133
29.579237
30.880823
28.341136
25.481122
22.677015
24.611791
29.376984
