0.000000
0.000000
0.000002
0.000006
0.000015
0.000030
0.000052
0.000084
0.000128
0.000187
0.000265
0.000366
0.000495
0.000657
0.000858
0.001104
0.001384
0.001343
0.001265
0.001496
0.001753
0.002042
0.002367
0.002725
0.003112
0.003532
0.003987
0.004497
0.005055
0.005640
0.006257
0.006910
0.007601
0.008330
0.009098
0.009905
0.010753
0.011639
0.012565
0.013530
0.014533
0.015572
0.016645
0.017751
0.018887
0.020050
0.021238
0.022447
0.023723
0.025105
0.026418
0.028138
0.029765
0.030756
0.031711
0.032629
0.033510
0.034353
0.035156
0.035919
0.036642
0.037323
0.037964
0.038563
0.039122
0.039642
0.040123
0.040566
0.040974
0.041348
0.041690
0.042001
0.042283
0.042540
0.042772
0.042982
0.043172
0.043336
0.043473
0.043592
0.043686
0.043739
0.043736
0.043653
0.043465
0.043157
0.042731
0.042319
0.041972
0.041604
0.041202
0.040781
0.040353
0.039927
0.039507
0.039179
0.038985
0.038804
0.038581
0.038345
0.038112
0.037892
0.037695
0.037525
0.037389
0.037307
0.037342
0.037462
0.037592
0.037749
0.037943
0.038182
0.039061
0.040005
0.040427
0.040910
0.041408
0.041960
0.042617
0.043339
0.044134
0.045008
0.045955
0.046976
0.048077
0.049261
0.050424
0.051360
0.052016
0.052502
0.052895
0.053300
0.054039
0.055127
0.056177
0.057109
0.058078
0.059280
0.061630
0.064050
0.065564
0.066896
0.067877
0.068757
0.069853
0.071075
0.072274
0.073737
0.076573
0.079444
0.080676
0.081269
0.081421
0.081345
0.081557
0.083153
0.084620
0.085078
0.086162
0.088692
0.090798
0.091762
0.094681
0.097642
0.099011
0.102462
0.105878
0.108736
0.112264
0.115721
0.120869
0.125189
0.128481
0.134819
0.144479
0.154751
0.163849
0.172124
0.181819
0.192419
0.209944
0.219379
0.225825
0.243469
0.256599
0.275690
0.286162
0.292861
0.325276
0.329312
0.326825
0.345143
0.354944
0.370710
0.385188
0.403435
0.398749
0.393061
0.413342
0.426851
0.447030
0.467526
0.470870
0.475383
0.531576
0.527058
0.534394
0.583654
0.602624
0.656669
0.660386
0.713723
0.755783
0.771468
0.734673
0.737218
0.826443
0.662091
0.556917
0.582220
0.523662
0.478682
0.448986
0.410010
0.371423
0.365039
0.356757
0.343166
0.348913
0.348901
0.347174
0.355492
0.354381
0.361604
0.359915
0.381480
0.403148
0.420365
0.443351
0.441543
0.446981
0.476429
0.491248
0.495598
0.524159
0.539267
0.542700
0.559105
0.588307
0.605163
0.627574
0.645855
0.644325
0.655642
0.668769
0.694298
0.713348
0.716818
0.720854
0.735106
0.751472
0.764278
0.777538
0.798007
0.829623
0.862635
0.894321
0.917524
0.941471
0.958880
0.980397
1.008787
1.022314
1.032145
1.061756
1.079361
1.086817
1.105053
1.114728
1.123156
1.132639
1.139188
1.150533
1.179434
1.174212
1.154551
1.182356
1.201310
1.192072
1.192061
1.184872
1.155482
1.154111
1.159275
1.135580
1.124962
1.120114
1.109973
1.107283
1.098113
1.076841
1.059273
1.064990
1.059915
1.039255
1.022781
1.022869
1.006630
0.992551
0.998754
0.991670
0.974826
0.972059
0.969050
0.960208
0.971146
0.966712
0.950922
0.914089
0.903031
0.916284
0.914929
0.926146
0.960819
0.943622
0.913433
0.927123
0.916890
0.910968
0.929960
0.952016
0.923656
0.911892
0.913304
0.913719
0.932527
0.925628
0.917491
0.914322
0.928576
0.923163
0.915331
0.927729
0.942152
0.954566
0.947414
0.941160
0.941805
0.943890
0.950877
0.956146
0.959570
0.964651
0.970010
0.976643
0.983471
0.987887
0.990473
0.996367
1.000808
1.006908
1.013277
1.015819
1.024454
1.035273
1.038424
1.046629
1.041110
1.048545
1.076010
1.116563
1.106446
1.084314
1.128044
1.143101
1.144664
1.147138
1.146273
1.153144
1.156384
1.159603
1.170997
1.180738
1.179918
1.175896
1.172205
1.169424
1.162470
1.152584
1.146877
1.143640
1.142717
1.139502
1.134795
1.131114
1.127152
1.121640
1.113299
1.106167
1.099679
1.091879
1.088340
1.087573
1.086066
1.084972
1.082847
1.077992
1.074140
1.068051
1.067020
1.063378
1.049813
1.048230
1.052823
1.052526
1.587294
4.476769
6.814761
6.778126
6.747627
6.716945
6.684255
6.652879
6.629189
6.616293
6.599451
6.591257
6.586212
6.588332
6.599975
6.605069
6.599789
6.594277
