0.000000
0.000000
0.000002
0.000006
0.000015
0.000030
0.000052
0.000084
0.000128
0.000187
0.000265
0.000366
0.000495
0.000657
0.000858
0.001104
0.001281
0.001149
0.001082
0.001314
0.001580
0.001887
0.002239
0.002636
0.003074
0.003558
0.004090
0.004691
0.005360
0.006074
0.006836
0.007651
0.008521
0.009446
0.010428
0.011465
0.012558
0.013704
0.015420
0.017200
0.018526
0.019894
0.021301
0.022742
0.024217
0.025816
0.027545
0.029273
0.030967
0.032649
0.034254
0.035625
0.036820
0.037976
0.039092
0.040168
0.041203
0.042196
0.043147
0.044057
0.044925
0.045754
0.046544
0.047291
0.047994
0.048662
0.049291
0.049870
0.050387
0.050822
0.051156
0.051377
0.051480
0.051463
0.051342
0.051140
0.050879
0.050577
0.050246
0.049895
0.049528
0.049190
0.049018
0.048913
0.048703
0.048431
0.048127
0.047808
0.047487
0.047172
0.046868
0.046582
0.046316
0.046075
0.045862
0.045678
0.045527
0.045410
0.045329
0.045287
0.045881
0.046525
0.046626
0.046772
0.046966
0.047209
0.047504
0.047853
0.048255
0.048710
0.049229
0.049818
0.050477
0.051210
0.051977
0.052764
0.053721
0.054704
0.055472
0.056027
0.056380
0.056619
0.056839
0.057033
0.057501
0.058328
0.059108
0.059770
0.060440
0.061266
0.062331
0.064395
0.066503
0.067802
0.069169
0.070405
0.071286
0.072070
0.072997
0.073984
0.074959
0.076094
0.077653
0.080363
0.083079
0.084418
0.085236
0.086029
0.087055
0.087714
0.088093
0.089699
0.090779
0.090661
0.091065
0.091884
0.094080
0.096140
0.097203
0.099976
0.102871
0.104029
0.107182
0.110835
0.113565
0.117037
0.120077
0.123113
0.126309
0.130756
0.135378
0.140357
0.147879
0.158386
0.171055
0.182556
0.193649
0.206773
0.222085
0.233414
0.246148
0.266495
0.287943
0.303796
0.321653
0.334177
0.356816
0.368954
0.373642
0.398878
0.411831
0.425966
0.436147
0.447144
0.472892
0.491502
0.497602
0.505104
0.527116
0.534998
0.551324
0.572930
0.579600
0.624538
0.617583
0.625155
0.665777
0.708575
0.745762
0.737665
0.770171
0.814528
0.821289
0.898906
0.925896
0.974572
1.081210
1.085884
1.087941
1.130236
1.160822
1.131102
1.052821
1.168659
1.349535
1.315437
1.330581
1.402737
1.543552
1.620596
1.565455
1.678881
1.855439
1.967988
2.093428
2.174440
2.159280
2.317178
2.748399
2.750129
2.574675
2.843872
2.973854
3.019139
3.362728
3.562777
3.539526
3.719803
4.072230
4.190872
4.248091
4.410816
4.562638
4.842123
4.836720
4.896381
5.156279
5.359763
5.668923
5.521866
5.530782
5.814460
6.044038
6.606207
6.904331
5.959906
5.899399
7.828852
7.306021
6.505512
9.825552
8.925700
5.614199
6.897999
7.922974
8.176655
8.780195
9.071461
8.393587
8.050834
8.766408
8.576837
8.933860
8.743584
8.723385
9.805855
9.024653
8.280891
9.966438
10.738363
10.246900
10.658755
9.841986
9.524463
9.953282
9.518025
9.283858
8.922658
8.720073
8.991545
8.297830
7.963780
8.319013
7.962842
7.842549
7.828773
7.779882
6.902493
4.660629
4.403576
5.461512
5.760008
6.425149
6.235909
5.436090
5.285353
5.528530
6.029865
6.364712
6.270132
6.309453
6.338691
6.188613
6.155752
6.176648
6.253381
6.362388
6.447183
6.510253
6.633607
6.787605
6.868252
6.820930
6.675956
6.553180
6.335518
5.910823
5.604020
5.577116
5.576663
5.485380
5.453636
5.648705
5.760443
5.859432
5.857919
5.713800
5.805270
5.881378
5.929586
5.976043
5.975624
5.976775
6.021532
6.110536
6.287526
6.289915
6.159843
6.145620
7.014025
7.049398
5.690472
4.566392
4.242561
4.711919
5.065311
5.403796
5.675750
5.787761
5.815380
5.794602
5.771654
5.775407
5.677379
5.805758
6.041146
5.710094
5.615365
5.505664
5.273705
5.334981
6.014937
6.166827
6.085736
6.302417
5.896419
5.742378
6.679065
6.859110
6.262093
5.408533
5.141940
5.339814
5.629311
6.286003
5.901751
5.777909
6.035455
5.876497
5.571428
5.848676
6.037254
6.071441
6.154412
6.087108
6.261245
6.131800
5.914313
6.057717
6.227124
6.288189
6.035503
6.146528
6.209135
6.042553
9.409462
29.738198
47.034797
46.851586
46.853713
46.855756
46.506253
46.143219
45.122329
45.782733
46.496708
46.431028
46.318868
45.526972
46.504348
45.823794
44.923815
46.012702
