0.000000
0.000000
0.000002
0.000006
0.000015
0.000030
0.000052
0.000084
0.000128
0.000187
0.000265
0.000366
0.000495
0.000657
0.000858
0.001104
0.001400
0.001752
0.002167
0.002647
0.003196
0.003820
0.004526
0.005306
0.006152
0.007066
0.008076
0.010831
0.011669
0.010623
0.011257
0.011832
0.012369
0.012946
0.013508
0.013975
0.014390
0.014769
0.015119
0.015445
0.015752
0.016042
0.016325
0.016652
0.017001
0.017309
0.017581
0.017826
0.018043
0.018223
0.018409
0.018643
0.018902
0.019160
0.019413
0.019651
0.019844
0.019956
0.020112
0.020372
0.020614
0.020760
0.020939
0.021205
0.021345
0.021317
0.021327
0.021445
0.021578
0.021702
0.021818
0.021931
0.022046
0.022168
0.022300
0.022439
0.022579
0.022715
0.022841
0.022954
0.023052
0.023136
0.023204
0.023259
0.023299
0.023327
0.023343
0.023347
0.023352
0.023414
0.023501
0.023546
0.023561
0.023556
0.023537
0.023507
0.023469
0.023425
0.023375
0.023322
0.023267
0.023211
0.023154
0.023099
0.023046
0.022995
0.022949
0.022908
0.022872
0.022844
0.022824
0.022814
0.022813
0.023193
0.023590
0.023637
0.023699
0.023778
0.023875
0.023990
0.024126
0.024284
0.024464
0.024669
0.024901
0.025160
0.025448
0.025766
0.026114
0.026492
0.026893
0.027308
0.027720
0.028106
0.028445
0.028739
0.028999
0.029231
0.029459
0.029701
0.029957
0.030223
0.030496
0.030779
0.031106
0.031640
0.032293
0.032863
0.033404
0.033988
0.034774
0.035680
0.036531
0.037378
0.038904
0.040439
0.041377
0.042408
0.043494
0.044640
0.045852
0.047137
0.048482
0.049904
0.051414
0.053008
0.054598
0.055969
0.057053
0.057935
0.058691
0.059463
0.060616
0.061992
0.063199
0.064324
0.065513
0.066955
0.068520
0.070940
0.073411
0.075051
0.076777
0.078452
0.079863
0.081007
0.082164
0.083556
0.084993
0.086269
0.087539
0.089188
0.090967
0.092557
0.095176
0.098047
0.099688
0.100898
0.102068
0.103465
0.105034
0.106480
0.107810
0.109323
0.111040
0.112597
0.115076
0.117909
0.119733
0.121060
0.122047
0.123332
0.125114
0.126748
0.128061
0.129205
0.130390
0.131698
0.133360
0.136524
0.139446
0.140741
0.141801
0.142820
0.143893
0.145509
0.147257
0.148407
0.149243
0.149947
0.150668
0.151527
0.152788
0.154152
0.156579
0.159250
0.160521
0.161388
0.162335
0.163526
0.164604
0.165451
0.166652
0.167928
0.168603
0.168753
0.168635
0.168406
0.168206
0.168037
0.167871
0.167763
0.167720
0.167742
0.167824
0.167956
0.168129
0.168334
0.168561
0.168804
0.169053
0.169446
0.169868
0.170310
0.170895
0.171486
0.173046
0.174589
0.175122
0.175596
0.175995
0.176271
0.176357
0.176352
0.176212
0.176022
0.175816
0.175483
0.175114
0.174749
0.174378
0.173896
0.173354
0.172625
0.171628
0.170466
0.169131
0.167776
0.166529
0.165197
0.163657
0.162001
0.160275
0.158511
0.156730
0.154947
0.153174
0.151417
0.149682
0.147972
0.146291
0.144640
0.143018
0.141446
0.139905
0.138377
0.136879
0.135410
0.133970
0.132559
0.131176
0.129821
0.128494
0.127193
0.125919
0.124669
0.123444
0.122243
0.121066
0.119910
0.118776
0.117664
0.116572
0.115501
0.114448
0.113415
0.112401
0.111404
0.110426
0.109464
0.108519
0.107591
0.106679
0.105783
0.104902
0.104037
0.103244
0.102533
0.101833
0.101125
0.100416
0.099709
0.099006
0.098310
0.097620
0.096937
0.096263
0.095596
0.094938
0.094287
0.093645
0.093011
0.092384
0.091764
0.091152
0.090546
0.089947
0.089354
0.088767
0.088185
0.087609
0.087037
0.086470
0.085907
0.085348
0.084793
0.084241
0.083692
0.083146
0.082298
0.081076
0.079814
0.078618
0.077484
0.076410
0.075391
0.074424
0.073505
0.072632
0.071801
0.071010
0.070257
0.069540
0.068857
0.068217
0.067645
0.067145
0.066690
0.066266
0.065872
0.065507
0.065169
0.064857
0.064571
0.064309
0.064071
0.063856
0.063662
0.063490
0.063338
0.063206
0.063092
0.062997
0.062919
0.091385
0.191738
0.258367
0.247749
0.236983
0.226376
0.216098
0.206243
0.197001
0.188493
0.180461
0.172726
0.165338
0.158312
0.151643
0.145315
0.139307
0.133594
0.128148
0.122994
0.118244
0.113885
0.109808
0.105894
0.102064
0.098251
0.094583
0.091329
0.089819
