0.000000
0.006944
0.013889
0.020833
0.027778
0.034722
0.041667
0.048611
0.055556
0.062500
0.069444
0.076389
0.083333
0.090278
0.097222
0.104167
0.111111
0.118056
0.125000
0.131944
0.138889
0.145833
0.152778
0.159722
0.166667
0.173611
0.180556
0.187500
0.194444
0.201389
0.208333
0.215278
0.222222
0.229167
0.236111
0.243056
0.250000
0.256944
0.263889
0.270833
0.277778
0.284722
0.291667
0.298611
0.305556
0.312500
0.319444
0.326389
0.333333
0.340278
0.347222
0.354167
0.361111
0.368056
0.375000
0.381944
0.388889
0.395833
0.402778
0.409722
0.416667
0.423611
0.430556
0.437500
0.444444
0.451389
0.458333
0.465278
0.472222
0.479167
0.486111
0.493056
0.500000
0.506944
0.513889
0.520833
0.527778
0.534722
0.541667
0.548611
0.555556
0.562500
0.569444
0.576389
0.583333
0.590278
0.597222
0.604167
0.611111
0.618056
0.625000
0.631944
0.638889
0.645833
0.652778
0.659722
0.666667
0.673611
0.680556
0.687500
0.694444
0.701389
0.708333
0.715278
0.722222
0.729167
0.736111
0.743056
0.750000
0.756944
0.763889
0.770833
0.777778
0.784722
0.791667
0.798611
0.805556
0.812500
0.819444
0.826389
0.833333
0.840278
0.847222
0.854167
0.861111
0.868056
0.875000
0.881944
0.888889
0.895833
0.902778
0.909722
0.916667
0.923611
0.930556
0.937500
0.944444
0.951389
0.958333
0.965278
0.972222
0.979167
0.986111
0.993056
1.000000
1.006944
1.013889
1.020833
1.027778
1.034722
1.041667
1.048611
1.055556
1.062500
1.069444
1.076389
1.083333
1.090278
1.097222
1.104167
1.111111
1.118056
1.125000
1.131944
1.138889
1.145833
1.152778
1.159722
1.166667
1.173611
1.180556
1.187500
1.194444
1.201389
1.208333
1.215278
1.222222
1.229167
1.236111
1.243056
1.250000
1.256944
1.263889
1.270833
1.277778
1.284722
1.291667
1.298611
1.305556
1.312500
1.319444
1.326389
1.333333
1.340278
1.347222
1.354167
1.361111
1.368056
1.375000
1.381944
1.388889
1.395833
1.402778
1.409722
1.416667
1.423611
1.430556
1.437500
1.444444
1.451389
1.458333
1.465278
1.472222
1.479167
1.486111
1.493056
1.500000
1.506944
1.513889
1.520833
1.527778
1.534722
1.541667
1.548611
1.555556
1.562500
1.569444
1.576389
1.583333
1.590278
1.597222
1.604167
1.611111
1.618056
1.625000
1.631944
1.638889
1.645833
1.652778
1.659722
1.666667
1.673611
1.680556
1.687500
1.694444
1.701389
1.708333
1.715278
1.722222
1.729167
1.736111
1.743056
1.750000
1.756944
1.763889
1.770833
1.777778
1.784722
1.791667
1.798611
1.805556
1.812500
1.819444
1.826389
1.833333
1.840278
1.847222
1.854167
1.861111
1.868056
1.875000
1.881944
1.888889
1.895833
1.902778
1.909722
1.916667
1.923611
1.930556
1.937500
1.944444
1.951389
1.958333
1.965278
1.972222
1.979167
1.986111
1.993056
2.000000
2.006944
2.013889
2.020833
2.027778
2.034722
2.041667
2.048611
2.055556
2.062500
2.069444
2.076389
2.083333
2.090278
2.097222
2.104167
2.111111
2.118056
2.125000
2.131944
2.138889
2.145833
2.152778
2.159722
2.166667
2.173611
2.180556
2.187500
2.194444
2.201389
2.208333
2.215278
2.222222
2.229167
2.236111
2.243056
2.250000
2.256944
2.263889
2.270833
2.277778
2.284722
2.291667
2.298611
2.305556
2.312500
2.319444
2.326389
2.333333
2.340278
2.347222
2.354167
2.361111
2.368056
2.375000
2.381944
2.388889
2.395833
2.402778
2.409722
2.416667
2.423611
2.430556
2.437500
2.444444
2.451389
2.458333
2.465278
2.472222
2.479167
2.486111
2.493056
2.500000
2.506944
2.513889
2.520833
2.527778
2.534722
2.541667
2.548611
2.555556
2.562500
2.569444
2.576389
2.583333
2.590278
2.597222
2.604167
2.611111
2.618056
2.625000
2.631944
2.638889
2.645833
2.652778
2.659722
2.666667
2.673611
2.680556
2.687500
2.694444
2.701389
2.708333
2.715278
2.722222
2.729167
2.736111
2.743056
2.750000
2.756944
2.763889
2.770833
2.777778
2.784722
2.791667
2.798611
2.805556
2.812500
2.819444
2.826389
2.833333
2.840278
2.847222
2.854167
2.861111
2.868056
2.875000
2.881944
2.888889
2.895833
2.902778
2.909722
2.916667
2.923611
2.930556
2.937500
2.944444
2.951389
2.958333
2.965278
2.972222
2.979167
2.986111
2.993056
3.000000
