0.668379
0.668379
0.668379
0.668379
0.668379
0.668379
0.668379
0.668379
0.668379
0.668379
0.668379
0.668379
0.668379
0.668379
0.668379
0.668379
0.668379
0.668379
0.668379
0.668379
0.668379
0.668379
0.668379
0.661806
0.641650
0.621494
0.601338
0.581182
0.561026
0.540870
0.520714
0.500559
0.480403
0.460247
0.440091
0.419935
0.399779
0.379623
0.359467
0.339311
0.319155
0.299000
0.278844
0.258688
0.238532
0.218376
0.198220
0.178064
0.157908
0.137752
0.129435
0.127231
0.125027
0.122823
0.120619
0.118415
0.116211
0.114007
0.111803
0.109599
0.107395
0.105190
0.102986
0.100782
0.098578
0.096374
0.094170
0.091966
0.089762
0.087558
0.085354
0.083150
0.080946
0.078742
0.076538
0.074333
0.072129
0.070881
0.069640
0.068398
0.067157
0.065916
0.064675
0.063433
0.062192
0.060951
0.059709
0.058468
0.057227
0.055985
0.054744
0.053503
0.052261
0.051020
0.049779
0.048537
0.047296
0.046055
0.044813
0.043572
0.042331
0.041089
0.039848
0.038924
0.038653
0.038383
0.038113
0.037843
0.037573
0.037303
0.037033
0.036763
0.036493
0.036222
0.035952
0.035682
0.035412
0.035142
0.034872
0.034602
0.034332
0.034061
0.033791
0.033521
0.033251
0.032981
0.032711
0.032441
0.032171
0.031901
0.031921
0.032092
0.032263
0.032434
0.032605
0.032775
0.032946
0.033117
0.033288
0.033459
0.033630
0.033801
0.033971
0.034142
0.034313
0.034484
0.034655
0.034826
0.034996
0.035167
0.035338
0.035509
0.035680
0.035851
0.036022
0.036192
0.036363
0.036380
0.036397
0.036413
0.036429
0.036445
0.036461
0.036477
0.036493
0.036509
0.036525
0.036541
0.036558
0.036574
0.036590
0.036606
0.036622
0.036638
0.036654
0.036670
0.036686
0.036703
0.036719
0.036735
0.036751
0.036767
0.036783
0.036943
0.037401
0.037858
0.038316
0.038774
0.039231
0.039689
0.040147
0.040604
0.041062
0.041520
0.041977
0.042435
0.042892
0.043350
0.043808
0.044265
0.044723
0.045181
0.045638
0.046096
0.046554
0.047011
0.047469
0.047926
0.048384
0.048842
0.049475
0.050198
0.050921
0.051645
0.052368
0.053091
0.053814
0.054538
0.055261
0.055984
0.056708
0.057431
0.058154
0.058878
0.059601
0.060324
0.061047
0.061771
0.062494
0.063217
0.063941
0.064664
0.065387
0.066111
0.066834
0.067557
0.068280
0.068657
0.069032
0.069407
0.069781
0.070156
0.070530
0.070905
0.071279
0.071654
0.072028
0.072403
0.072778
0.073152
0.073527
0.073901
0.074276
0.074650
0.075025
0.075399
0.075774
0.076149
0.076523
0.076898
0.077272
0.077647
0.078476
0.079348
0.080219
0.081091
0.081963
0.082834
0.083706
0.084578
0.085449
0.086321
0.087192
0.088064
0.088936
0.089807
0.090679
0.091550
0.092422
0.093294
0.094165
0.095037
0.096132
0.097254
0.098375
0.099497
0.100618
0.101739
0.102861
0.103982
0.105104
0.106225
0.107347
0.108468
0.109589
0.110711
0.111832
0.112958
0.114701
0.116443
0.118186
0.119928
0.121671
0.123413
0.125156
0.126899
0.128641
0.130384
0.132126
0.133869
0.135617
0.137424
0.139231
0.141037
0.142844
0.144650
0.146457
0.148264
0.150070
0.151877
0.153684
0.157431
0.161733
0.166036
0.170339
0.174642
0.178945
0.183248
0.187550
0.193036
0.200873
0.208710
0.216546
0.224383
0.232219
0.240056
0.246611
0.249253
0.251895
0.254537
0.257179
0.259821
0.262832
0.267449
0.272067
0.276684
0.281301
0.285918
0.295008
0.304443
0.313878
0.323313
0.333982
0.348496
0.363010
0.377524
0.392037
0.413048
0.434143
0.455237
0.472855
0.469093
0.465331
0.461569
0.460846
0.462130
0.463415
0.462328
0.456228
0.450128
0.452893
0.477883
0.502872
0.526554
0.548770
0.570987
0.579933
0.586236
0.596367
0.614576
0.632786
0.646601
0.660160
0.650605
0.630558
0.642580
0.681980
0.696472
0.684698
0.698765
0.737544
0.765978
0.787754
0.741834
0.676377
0.715544
0.746332
0.756402
0.727770
0.679623
0.676677
0.693164
0.730406
0.742000
0.747914
0.750479
0.769431
0.799924
0.845275
0.912577
0.899214
0.884442
0.889659
0.937746
0.956551
0.967036
0.992759
0.998744
0.906134
0.980769
0.943653
0.950669
0.966546
1.019719
1.066886
1.118807
1.202704
1.203173
1.172120
1.075949
1.011327
1.007672
0.968833
0.975707
0.936483
0.972605
1.057998
1.140658
1.134691
1.128077
1.136020
1.155807
1.208620
1.181559
1.288941
1.361478
1.226896
1.279540
1.387357
1.412576
1.385506
1.369178
1.364748
1.251071
1.273431
1.251894
1.284839
1.410031
1.396005
1.352598
1.376368
1.223100
1.210819
1.304774
1.267921
1.376666
1.325840
1.433517
1.459398
1.613312
1.672590
1.545845
1.677973
1.677094
1.768098
1.782084
1.608244
1.660373
1.740147
1.791987
1.907851
2.038214
2.048898
2.064623
1.878254
1.899359
1.968960
1.824604
1.874883
1.859314
1.951531
1.906584
1.831978
1.882978
1.847617
1.894314
1.947921
1.795028
1.964875
1.989560
2.063845
2.085856
2.140982
2.085462
2.194796
2.309674
2.216313
2.233255
2.278291
2.328459
2.462252
2.320201
2.373507
2.437242
2.303824
2.275766
2.287465
2.197269
2.281064
2.260746
2.305724
2.311927
2.319562
2.219578
2.195761
2.259719
2.379038
2.327668
2.329077
2.457291
2.342648
2.371008
2.387528
2.451646
2.462977
2.483024
2.516546
2.680919
2.675654
2.630076
2.727370
2.771160
2.797095
2.715420
2.800004
2.816280
2.757871
2.795111
2.769066
2.735964
2.775264
2.849671
2.923420
2.986874
2.948259
3.077318
3.082827
3.139580
3.091666
3.003041
3.077819
3.273143
3.159523
3.100803
3.208928
3.254563
3.208214
3.077756
3.090009
3.172743
3.277509
3.216760
3.174322
3.193194
3.227472
3.270357
3.302773
3.322264
3.358483
3.275078
3.301209
3.349132
3.420380
3.486268
3.578487
3.581855
3.565616
3.572442
3.587812
3.563852
3.670787
3.797762
3.809726
3.757639
3.842433
3.879551
3.975427
4.054374
4.058790
4.063568
4.058858
4.106664
4.090561
4.065365
4.121012
4.148247
4.161615
4.194667
4.163985
4.207479
4.289985
4.346095
4.383587
4.491698
4.482484
4.463226
4.514885
4.606970
4.633077
4.687024
4.725013
4.764549
4.763269
4.868276
4.872921
4.966628
4.997531
5.064070
5.075490
5.089036
5.111600
5.199503
5.261625
5.316966
5.358034
5.419782
5.446712
5.561545
5.541877
5.516804
5.565406
5.539230
5.560627
5.617272
5.657861
5.663628
5.751983
5.825205
5.924515
6.019208
6.130462
6.333860
6.478444
6.580547
6.695767
6.698153
6.756803
6.881389
6.978099
7.027718
7.166700
7.347308
7.369728
7.465147
7.610612
7.663810
7.828676
7.853030
7.954859
8.093842
8.150017
8.333591
8.373750
8.413872
8.446501
8.576776
8.768858
8.858789
9.012819
9.088964
9.073180
9.243999
9.360608
9.357577
9.535347
9.579813
9.598328
9.737102
9.815182
9.962841
10.099179
10.208593
10.301484
10.373595
10.469618
10.602733
10.655328
10.710624
10.816823
10.896088
11.019497
11.032608
11.150290
11.173958
11.266164
11.428952
11.539530
11.628098
11.530070
11.523427
11.635092
11.616166
11.691852
11.849764
11.883460
11.848176
11.948437
11.914569
11.980277
11.877002
11.861484
12.090964
12.263286
12.472010
12.642774
12.890837
13.153902
13.321408
13.441702
13.599536
13.880055
14.024874
14.009983
14.083211
14.240875
14.500669
14.531572
14.634897
14.662819
14.966954
15.010009
15.302363
15.427241
15.752602
15.603598
15.689028
16.011960
15.943065
16.130245
16.143879
16.389761
16.438224
16.472527
16.811384
16.846235
16.934233
17.270212
17.295972
17.412962
17.543264
17.502989
17.765349
17.798375
17.996240
18.809663
19.089576
19.302045
19.854145
20.307494
20.856586
21.387744
22.500800
22.841138
23.940631
24.916093
25.531879
26.282411
27.140686
28.134305
29.083923
30.050073
31.184588
31.957824
32.754859
33.641151
34.766413
35.832119
36.920163
38.031097
39.404652
40.848369
42.136383
42.987734
44.255029
46.011742
47.409646
48.919313
50.825008
51.681036
54.132123
55.802150
58.328150
61.847510
64.518893
67.425596
70.748685
73.070109
75.781299
78.970103
82.006002
84.984268
87.925234
90.383373
92.902285
95.776815
99.251774
102.940284
105.736384
107.416753
109.761100
112.567582
115.216893
117.575286
119.913483
122.463495
124.315827
126.353231
126.832690
130.681336
130.237190
129.199908
131.973243
132.404073
134.331552
132.909701
132.792178
133.956299
135.428867
131.316052
133.775319
130.114908
131.161629
133.897641
133.757721
132.324056
132.883196
132.684575
132.218468
130.842673
129.809234
130.018601
129.956984
129.742657
130.282330
127.432537
129.972885
128.417745
130.049156
127.433444
127.656077
