0.668379
0.668379
0.668379
0.668379
0.668379
0.668379
0.668379
0.668379
0.668379
0.668379
0.668379
0.668379
0.668379
0.668379
0.668379
0.668379
0.668379
0.668379
0.668379
0.668379
0.668379
0.668379
0.668379
0.662015
0.642500
0.622985
0.603471
0.583956
0.564441
0.544927
0.525412
0.505897
0.486382
0.466868
0.447353
0.427838
0.408323
0.388809
0.369294
0.349779
0.330265
0.310750
0.291235
0.271720
0.252206
0.232691
0.213176
0.193662
0.174147
0.154632
0.146521
0.144298
0.142076
0.139853
0.137631
0.135408
0.133185
0.130963
0.128740
0.126517
0.124295
0.122072
0.119849
0.117627
0.115404
0.113182
0.110959
0.108736
0.106514
0.104291
0.102068
0.099846
0.097623
0.095400
0.093178
0.090955
0.088732
0.087198
0.085668
0.084138
0.082609
0.081079
0.079549
0.078019
0.076490
0.074960
0.073430
0.071901
0.070371
0.068841
0.067311
0.065782
0.064252
0.062722
0.061192
0.059663
0.058133
0.056603
0.055074
0.053544
0.052014
0.050484
0.048955
0.047684
0.046950
0.046215
0.045480
0.044745
0.044011
0.043276
0.042541
0.041807
0.041072
0.040337
0.039602
0.038868
0.038133
0.037398
0.036664
0.035929
0.035194
0.034460
0.033725
0.032990
0.032255
0.031521
0.030786
0.030051
0.029317
0.028582
0.028267
0.028170
0.028072
0.027974
0.027877
0.027779
0.027681
0.027584
0.027486
0.027389
0.027291
0.027193
0.027096
0.026998
0.026900
0.026803
0.026705
0.026608
0.026510
0.026412
0.026315
0.026217
0.026119
0.026022
0.025924
0.025827
0.025729
0.025879
0.026031
0.026183
0.026334
0.026486
0.026638
0.026790
0.026942
0.027093
0.027245
0.027397
0.027549
0.027701
0.027852
0.028004
0.028156
0.028308
0.028460
0.028611
0.028763
0.028915
0.029067
0.029219
0.029370
0.029522
0.029674
0.029903
0.030291
0.030679
0.031066
0.031454
0.031842
0.032230
0.032618
0.033006
0.033393
0.033781
0.034169
0.034557
0.034945
0.035333
0.035721
0.036108
0.036496
0.036884
0.037272
0.037660
0.038048
0.038435
0.038823
0.039211
0.039599
0.039987
0.040282
0.040528
0.040775
0.041021
0.041268
0.041514
0.041761
0.042008
0.042254
0.042501
0.042747
0.042994
0.043241
0.043487
0.043734
0.043980
0.044227
0.044474
0.044720
0.044967
0.045213
0.045460
0.045706
0.045953
0.046200
0.046446
0.046693
0.046821
0.046948
0.047075
0.047202
0.047329
0.047456
0.047584
0.047711
0.047838
0.047965
0.048092
0.048219
0.048346
0.048473
0.048600
0.048728
0.048855
0.048982
0.049109
0.049236
0.049363
0.049490
0.049617
0.049745
0.049872
0.050055
0.050825
0.051595
0.052365
0.053135
0.053905
0.054675
0.055445
0.056215
0.056985
0.057755
0.058525
0.059295
0.060065
0.060835
0.061605
0.062375
0.063145
0.063915
0.064685
0.065455
0.066225
0.067374
0.068571
0.069769
0.070967
0.072164
0.073362
0.074560
0.075757
0.076955
0.078153
0.079350
0.080548
0.081746
0.082943
0.084141
0.085339
0.086489
0.087454
0.088418
0.089383
0.090348
0.091312
0.092277
0.093241
0.094206
0.095171
0.096135
0.097100
0.098065
0.099029
0.101243
0.103614
0.105985
0.108355
0.110726
0.113097
0.115468
0.117839
0.120210
0.122581
0.125505
0.129628
0.133750
0.137872
0.141994
0.146117
0.150239
0.154361
0.158484
0.162478
0.166413
0.170349
0.174284
0.178220
0.182155
0.186091
0.191750
0.198456
0.205162
0.211869
0.218575
0.225281
0.231870
0.238401
0.244933
0.251464
0.257995
0.268868
0.284845
0.300822
0.316799
0.332776
0.335988
0.336372
0.336755
0.337139
0.342866
0.351762
0.360657
0.369553
0.379277
0.389146
0.399016
0.405715
0.407298
0.408881
0.412162
0.422891
0.433621
0.444960
0.458456
0.471951
0.487155
0.504312
0.521469
0.534978
0.547903
0.547380
0.526645
0.505959
0.485998
0.466037
0.484197
0.508987
0.537187
0.566539
0.572530
0.570161
0.548274
0.522357
0.540654
0.559655
0.576556
0.579973
0.567063
0.580188
0.597192
0.595358
0.585804
0.571909
0.670828
0.693793
0.641967
0.675512
0.679950
0.661766
0.706568
0.733968
0.756136
0.795134
0.790208
0.771613
0.751124
0.775589
0.771104
0.734581
0.717638
0.712018
0.719425
0.774542
0.844547
0.914110
0.848324
0.796666
0.757175
0.781840
0.801427
0.815231
0.808203
0.791204
0.758073
0.684837
0.604615
0.557418
0.519248
0.487803
0.477306
0.468558
0.461700
0.474957
0.468106
0.435842
0.435739
0.438709
0.443592
0.439671
0.446682
0.458678
0.441150
0.429537
0.423597
0.426087
0.439708
0.463727
0.499675
0.498586
0.482481
0.453270
0.454610
0.437946
0.403122
0.367019
0.362777
0.397048
0.406165
0.404414
0.383934
0.400851
0.439783
0.460607
0.470186
0.424026
0.386269
0.367906
0.379095
0.431952
0.454784
0.441155
0.435707
0.438783
0.434569
0.442744
0.453679
0.461631
0.466359
0.457290
0.428948
0.441027
0.458814
0.474878
0.490447
0.505585
0.510781
0.508095
0.492254
0.493346
0.506083
0.505220
0.499428
0.502751
0.507837
0.509085
0.509664
0.525536
0.546024
0.545814
0.531150
0.525904
0.537526
0.548670
0.550773
0.552875
0.541276
0.519339
0.497516
0.499081
0.500645
0.504118
0.511546
0.518974
0.521745
0.521527
0.521309
0.518118
0.513526
0.508934
0.508190
0.509060
0.509931
0.522910
0.554453
0.585997
0.617540
0.625157
0.632726
0.640295
0.644158
0.643491
0.642825
0.642158
0.663041
0.692711
0.722381
0.752051
0.758008
0.753332
0.748655
0.743978
0.744494
0.751689
0.758885
0.766080
0.773276
0.771123
0.768240
0.765357
0.762473
0.758230
0.746297
0.734364
0.722431
0.710498
0.702797
0.700078
0.697359
0.694640
0.691921
0.702133
0.713833
0.725534
0.737234
0.745116
0.747881
0.750646
0.753411
0.756176
0.738356
0.719574
0.700792
0.682011
0.678157
0.687757
0.697357
0.706957
0.708813
0.682218
0.655624
0.629029
0.602434
0.602406
0.604407
0.606409
0.608411
0.605132
0.598690
0.592248
0.585805
0.584380
0.594536
0.604693
0.614849
0.625006
0.611383
0.597311
0.583239
0.569167
0.557079
0.546883
0.536686
0.526490
0.516294
0.513697
0.511569
0.509441
0.507313
0.504240
0.498791
0.493342
0.487893
0.482444
0.476292
0.469334
0.462377
0.455419
0.448462
0.442546
0.438157
0.433769
0.429380
0.424992
0.420579
0.415978
0.411377
0.406776
0.402175
0.397574
0.394028
0.390786
0.387543
0.384300
0.381058
0.375182
0.368223
0.361264
0.354305
0.347346
0.337516
0.327123
0.316731
0.306339
0.296154
0.287730
0.279306
0.270882
0.262458
0.257069
0.254770
0.252472
0.250173
0.247872
0.241783
0.235694
0.229605
0.223516
0.224781
0.230842
0.236903
0.242963
0.246625
0.239706
0.232787
0.225868
0.218949
0.215392
0.212546
0.209700
0.206854
0.201414
0.192716
0.184017
0.175319
0.167091
0.171679
0.176268
0.180856
0.185445
0.185910
0.182786
0.179662
0.176538
0.173414
0.169503
0.165568
0.161633
0.157699
0.153926
0.150492
0.147057
0.143623
0.140188
0.137963
0.137011
0.136059
0.135106
0.134154
0.131208
0.126155
0.121102
0.116050
0.110997
0.106698
0.105997
0.105297
0.104597
0.103896
0.103196
0.103441
0.104195
0.104948
0.105702
0.106456
0.106191
0.104121
0.102051
0.099981
0.097911
0.096555
0.097301
0.098047
0.098793
0.099539
0.099118
0.095670
0.092222
0.088774
0.085326
0.082726
0.081539
0.080352
0.079164
0.077977
0.075493
0.071834
0.068175
0.064516
0.060856
0.061409
0.063919
0.066428
0.068938
0.071447
0.069388
0.066279
0.063171
0.060062
0.056953
0.056082
0.055527
0.054971
0.054416
0.053860
0.053756
0.053741
0.053725
0.053709
0.053694
0.055190
0.057564
0.059937
0.062311
0.064684
0.066834
0.068125
0.069415
0.070705
0.071995
0.073285
0.074283
0.074959
0.075634
0.076310
0.076985
0.077661
0.077659
0.076582
0.075504
0.074427
0.073350
0.072273
0.073584
0.076826
0.080068
0.083310
0.086553
0.089546
0.087976
0.086405
0.084834
0.083264
0.081693
0.082961
0.084985
0.087009
0.089034
0.091058
0.089458
0.086308
0.083159
0.080009
0.076859
0.080784
0.087290
0.093795
0.100300
0.106806
0.108787
0.109890
0.110993
0.112095
0.113198
0.110289
0.107284
0.104279
0.101274
0.097873
0.091139
0.084406
0.077673
0.070939
0.065839
0.066985
0.068131
0.069277
0.070423
0.071004
0.069749
0.068493
0.067237
0.065981
0.065176
0.067152
0.069129
0.071105
0.073081
0.075058
0.071588
0.067250
0.062913
0.058575
0.054238
0.051340
0.051392
0.051445
0.051498
0.051551
0.051604
0.051634
