0.668379
0.668379
0.668379
0.668379
0.668379
0.668379
0.668379
0.668379
0.668379
0.668379
0.668379
0.668379
0.668379
0.668379
0.668379
0.668379
0.668379
0.668379
0.668379
0.668379
0.668379
0.668379
0.668379
0.661887
0.641979
0.622072
0.602164
0.582257
0.562349
0.542442
0.522535
0.502627
0.482720
0.462812
0.442905
0.422997
0.403090
0.383182
0.363275
0.343367
0.323460
0.303553
0.283645
0.263738
0.243830
0.223923
0.204015
0.184108
0.164200
0.144293
0.136015
0.133742
0.131470
0.129197
0.126925
0.124652
0.122379
0.120107
0.117834
0.115561
0.113289
0.111016
0.108743
0.106471
0.104198
0.101925
0.099653
0.097380
0.095108
0.092835
0.090562
0.088290
0.086017
0.083744
0.081472
0.079199
0.076926
0.075665
0.074411
0.073158
0.071904
0.070650
0.069396
0.068142
0.066889
0.065635
0.064381
0.063127
0.061873
0.060620
0.059366
0.058112
0.056858
0.055604
0.054351
0.053097
0.051843
0.050589
0.049335
0.048082
0.046828
0.045574
0.044320
0.043292
0.042728
0.042164
0.041601
0.041037
0.040473
0.039910
0.039346
0.038782
0.038218
0.037655
0.037091
0.036527
0.035964
0.035400
0.034836
0.034273
0.033709
0.033145
0.032582
0.032018
0.031454
0.030891
0.030327
0.029763
0.029200
0.028636
0.028539
0.028683
0.028826
0.028970
0.029114
0.029258
0.029402
0.029545
0.029689
0.029833
0.029977
0.030121
0.030264
0.030408
0.030552
0.030696
0.030840
0.030983
0.031127
0.031271
0.031415
0.031559
0.031702
0.031846
0.031990
0.032134
0.032278
0.032377
0.032476
0.032575
0.032675
0.032774
0.032873
0.032972
0.033071
0.033170
0.033270
0.033369
0.033468
0.033567
0.033666
0.033765
0.033865
0.033964
0.034063
0.034162
0.034261
0.034360
0.034459
0.034559
0.034658
0.034757
0.034856
0.034966
0.035099
0.035231
0.035364
0.035496
0.035629
0.035761
0.035894
0.036026
0.036159
0.036292
0.036424
0.036557
0.036689
0.036822
0.036954
0.037087
0.037219
0.037352
0.037484
0.037617
0.037749
0.037882
0.038014
0.038147
0.038280
0.038412
0.038843
0.039428
0.040013
0.040597
0.041182
0.041767
0.042352
0.042937
0.043522
0.044106
0.044691
0.045276
0.045861
0.046446
0.047031
0.047615
0.048200
0.048785
0.049370
0.049955
0.050540
0.051124
0.051709
0.052294
0.052879
0.053464
0.054049
0.054372
0.054694
0.055016
0.055337
0.055659
0.055981
0.056303
0.056624
0.056946
0.057268
0.057590
0.057911
0.058233
0.058555
0.058877
0.059198
0.059520
0.059842
0.060164
0.060485
0.060807
0.061129
0.061450
0.061772
0.062136
0.063139
0.064141
0.065144
0.066147
0.067149
0.068152
0.069155
0.070157
0.071160
0.072162
0.073165
0.074168
0.075170
0.076173
0.077176
0.078178
0.079181
0.080184
0.081186
0.082189
0.083191
0.084194
0.085196
0.086198
0.087201
0.088203
0.089206
0.090208
0.091211
0.092213
0.093215
0.094218
0.095220
0.096223
0.097225
0.098343
0.099939
0.101535
0.103131
0.104727
0.106323
0.107919
0.109514
0.111110
0.112706
0.114302
0.115898
0.117494
0.118953
0.120324
0.121694
0.123065
0.124436
0.125807
0.127177
0.128548
0.129919
0.131290
0.134468
0.139248
0.144027
0.148807
0.153587
0.158366
0.163146
0.167926
0.172779
0.177749
0.182719
0.187689
0.192659
0.197628
0.202598
0.209833
0.218442
0.227051
0.235660
0.244269
0.252878
0.262829
0.272926
0.283022
0.298481
0.316511
0.334540
0.346664
0.356300
0.365935
0.374324
0.382606
0.391384
0.401182
0.410981
0.427983
0.446022
0.457653
0.464261
0.465043
0.456562
0.451805
0.454830
0.458726
0.464122
0.466963
0.467357
0.476430
0.489281
0.512706
0.536527
0.560776
0.525005
0.529624
0.580299
0.568093
0.568829
0.574360
0.579763
0.598324
0.617744
0.604253
0.619679
0.641685
0.639211
0.658906
0.651286
0.592007
0.622065
0.633104
0.652333
0.712680
0.726047
0.710305
0.724284
0.752412
0.797400
0.750534
0.799260
0.789176
0.729405
0.816025
0.842642
0.919191
1.172718
1.234670
1.292810
1.449317
1.672956
2.210472
2.536100
3.856684
5.525761
10.189780
16.417083
23.429285
29.555855
37.689631
73.442101
178.317684
815.820347
656.420844
484.855480
434.390012
372.830955
272.706169
203.780340
168.141075
172.657857
151.146966
103.489044
88.618169
79.655698
76.052831
77.262356
86.365466
87.102320
81.704520
78.457069
75.730840
71.451363
65.297840
53.102106
39.563812
24.436448
12.721149
2.740630
0.955027
0.388146
0.264436
0.154397
0.057606
0.036311
0.029116
0.033160
0.041614
0.052624
0.074738
0.111984
0.162159
0.219883
0.232784
0.290283
0.351239
0.455943
0.567363
0.731514
0.793495
0.776809
0.812728
0.942982
1.026484
1.038366
1.032450
0.952518
0.935709
0.936712
0.974122
1.069252
1.198779
1.290389
1.213372
1.340003
1.313846
1.378059
1.360883
1.394772
1.386177
1.333433
1.276888
1.234364
1.296488
1.347061
1.305949
1.367361
1.526004
1.446633
1.434158
1.474479
1.482236
1.448202
1.473945
1.419106
1.483235
1.609471
1.673780
1.652167
1.526072
1.634192
1.608998
1.708881
1.636737
1.739002
1.916724
1.883052
1.938311
1.942720
1.924789
2.045597
1.960699
1.924163
1.860684
1.852721
1.944859
1.832735
1.661574
1.726956
1.827501
1.638107
1.677071
1.642443
1.601483
1.709408
1.798705
1.840081
1.811115
1.845035
1.872603
1.893527
1.880894
1.904023
1.959323
1.959395
1.970539
1.996826
1.923537
1.958000
2.051171
2.049243
2.099804
1.963786
2.019114
2.029856
2.065361
1.966762
1.951964
2.007692
2.033499
1.994007
2.042025
2.121024
2.155881
2.163314
2.217936
2.277062
2.225431
2.148846
2.224186
2.212077
2.203293
2.223788
2.234735
2.286278
2.350947
2.398097
2.237372
2.292512
2.429719
2.520089
2.392005
2.386521
2.463028
2.560639
2.623328
2.616389
2.541938
2.629367
2.683094
2.707065
2.750406
2.820839
2.776375
2.761265
2.785762
2.789978
2.823932
2.914034
2.987588
2.948292
2.832947
2.911451
2.969201
3.020102
3.081497
3.132576
3.154001
3.172554
3.252052
3.255802
3.325046
3.421802
3.468964
3.462894
3.358184
3.480950
3.510871
3.534371
3.574220
3.600691
3.703836
3.645459
3.639450
3.657125
3.664303
3.769799
3.765945
3.791634
3.857649
3.912529
3.918004
3.927860
3.952337
4.003470
4.039627
4.095061
4.213092
4.218907
4.208372
4.218445
4.241596
4.266745
4.281819
4.318098
4.372656
4.407764
4.452198
4.528787
4.613578
4.701721
4.787944
4.856422
4.920373
5.008626
5.075326
5.139515
5.217075
5.288410
5.396191
5.514688
5.482265
5.554135
5.630035
5.681671
5.771748
5.855361
5.907042
5.942482
6.025515
6.098310
6.171423
6.257113
6.362932
6.473903
6.469772
6.523789
6.613893
6.688988
6.847114
6.976179
6.998631
7.035420
7.197188
7.265978
7.309835
7.295820
7.329892
7.489476
7.517782
7.679245
7.704545
7.661100
7.737439
7.846284
7.888357
7.952928
8.078107
8.145588
8.114899
8.105875
8.154722
8.193763
8.294089
8.386296
8.424419
8.437610
8.412140
8.366407
8.474372
8.478177
8.423531
8.479902
8.489183
8.460442
8.589951
8.656053
8.604327
8.710959
8.886209
8.927200
9.034205
9.248724
9.413557
9.541443
9.596319
9.772159
9.953544
10.028590
10.111077
10.214126
10.347347
10.497838
10.522908
10.514375
10.651715
10.816883
10.899547
10.967088
11.157890
11.087436
11.182031
11.297781
11.346450
11.450827
11.542237
11.664799
11.790674
11.911917
12.101528
12.090326
12.145926
12.141838
12.193394
12.499335
12.267730
12.545275
12.713026
12.842878
12.985758
12.994711
12.958605
13.043208
13.183044
13.368990
13.580507
13.698335
13.740669
14.206835
14.561864
14.658487
15.093340
15.357777
15.629843
16.044104
16.636970
17.174125
17.780464
18.475587
19.167505
19.572998
20.333177
21.027184
21.613225
22.332394
22.984888
23.578099
24.088872
24.909309
25.734420
26.441909
27.124571
27.813954
28.535355
29.330791
30.162910
31.032377
32.121129
33.618415
35.425984
37.325954
38.930744
40.464718
41.949761
43.711161
45.627365
47.657026
49.496301
51.251867
53.040877
55.079027
57.430996
59.147394
60.301081
62.972326
65.167049
67.337083
69.532953
71.146141
73.357953
75.675128
77.216246
76.918662
78.772357
81.205098
82.397792
82.892192
85.175736
86.417791
87.411867
88.994493
90.212035
89.570761
90.613039
91.674949
91.078537
91.062148
92.845685
90.910995
90.803420
91.367832
91.459732
90.850651
90.807589
89.923964
89.802201
90.042809
90.359779
90.805608
90.061923
89.663051
89.093111
87.673720
87.372652
87.503397
87.297059
86.203595
85.360269
85.444680
85.791106
85.437114
84.470058
83.792619
83.678759
82.835564
82.378072
