0.668379
0.668379
0.668379
0.668379
0.668379
0.668379
0.668379
0.668379
0.668379
0.668379
0.668379
0.668379
0.668379
0.668379
0.668379
0.668379
0.668379
0.668379
0.668379
0.668379
0.668379
0.668379
0.668379
0.661976
0.642343
0.622710
0.603076
0.583443
0.563810
0.544176
0.524543
0.504910
0.485277
0.465643
0.446010
0.426377
0.406743
0.387110
0.367477
0.347844
0.328210
0.308577
0.288944
0.269311
0.249677
0.230044
0.210411
0.190777
0.171144
0.151511
0.145195
0.145755
0.146316
0.146876
0.147437
0.147997
0.148558
0.149119
0.149679
0.150240
0.150800
0.151361
0.151921
0.152482
0.153042
0.153603
0.154163
0.154724
0.155284
0.155845
0.156405
0.156966
0.157527
0.158087
0.158648
0.159208
0.159769
0.158100
0.156415
0.154730
0.153045
0.151360
0.149675
0.147990
0.146305
0.144620
0.142935
0.141250
0.139566
0.137881
0.136196
0.134511
0.132826
0.131141
0.129456
0.127771
0.126086
0.124401
0.122716
0.121031
0.119346
0.117661
0.115976
0.114114
0.111884
0.109655
0.107425
0.105196
0.102966
0.100737
0.098507
0.096278
0.094048
0.091819
0.089589
0.087360
0.085130
0.082901
0.080671
0.078442
0.076212
0.073983
0.071753
0.069524
0.067294
0.065065
0.062835
0.060606
0.058376
0.056147
0.054632
0.053487
0.052343
0.051198
0.050053
0.048908
0.047763
0.046618
0.045473
0.044328
0.043183
0.042039
0.040894
0.039749
0.038604
0.037459
0.036314
0.035169
0.034024
0.032880
0.031735
0.030590
0.029445
0.028300
0.027155
0.026010
0.024865
0.024602
0.024344
0.024087
0.023829
0.023572
0.023314
0.023056
0.022799
0.022541
0.022284
0.022026
0.021769
0.021511
0.021254
0.020996
0.020739
0.020481
0.020224
0.019966
0.019709
0.019451
0.019194
0.018936
0.018679
0.018421
0.018164
0.018136
0.018582
0.019028
0.019474
0.019920
0.020366
0.020812
0.021258
0.021704
0.022150
0.022596
0.023042
0.023488
0.023933
0.024379
0.024825
0.025271
0.025717
0.026163
0.026609
0.027055
0.027501
0.027947
0.028393
0.028839
0.029285
0.029731
0.029931
0.030005
0.030078
0.030151
0.030224
0.030297
0.030371
0.030444
0.030517
0.030590
0.030664
0.030737
0.030810
0.030883
0.030956
0.031030
0.031103
0.031176
0.031249
0.031322
0.031396
0.031469
0.031542
0.031615
0.031689
0.031762
0.031835
0.031956
0.032077
0.032199
0.032320
0.032442
0.032563
0.032684
0.032806
0.032927
0.033048
0.033170
0.033291
0.033413
0.033534
0.033655
0.033777
0.033898
0.034020
0.034141
0.034262
0.034384
0.034505
0.034626
0.034748
0.034869
0.034991
0.035009
0.034816
0.034623
0.034430
0.034237
0.034044
0.033851
0.033658
0.033465
0.033272
0.033079
0.032886
0.032693
0.032500
0.032307
0.032114
0.031921
0.031727
0.031534
0.031341
0.031148
0.030955
0.030762
0.030569
0.030376
0.030183
0.029990
0.029895
0.029852
0.029809
0.029765
0.029722
0.029678
0.029635
0.029591
0.029548
0.029504
0.029461
0.029417
0.029374
0.029331
0.029287
0.029244
0.029200
0.029157
0.029113
0.029070
0.029026
0.028983
0.028939
0.028896
0.028853
0.028809
0.028766
0.029155
0.029547
0.029939
0.030331
0.030723
0.031115
0.031508
0.031900
0.032292
0.032684
0.033076
0.033468
0.033861
0.034253
0.034645
0.035037
0.035429
0.035821
0.036214
0.036606
0.036998
0.037390
0.037782
0.038174
0.038566
0.038959
0.039500
0.040146
0.040792
0.041438
0.042084
0.042731
0.043377
0.044023
0.044669
0.045315
0.045961
0.046608
0.047254
0.047900
0.048546
0.049192
0.049838
0.050485
0.051131
0.051777
0.052423
0.053069
0.053715
0.054443
0.055299
0.056155
0.057011
0.057867
0.058723
0.059579
0.060435
0.061291
0.062147
0.063003
0.063859
0.064715
0.065571
0.066427
0.067282
0.068138
0.068994
0.069850
0.070706
0.071784
0.073142
0.074500
0.075857
0.077215
0.078573
0.079931
0.081288
0.082646
0.084004
0.085362
0.086719
0.088077
0.089435
0.090793
0.092150
0.093508
0.094866
0.096125
0.097377
0.098629
0.099881
0.101133
0.102385
0.103637
0.104889
0.106141
0.107393
0.108645
0.109897
0.111149
0.112401
0.113653
0.114916
0.116233
0.117551
0.118869
0.120186
0.121504
0.122822
0.124140
0.125457
0.126775
0.128093
0.129410
0.130728
0.132046
0.133363
0.134948
0.138118
0.141288
0.144459
0.147629
0.150799
0.153969
0.157140
0.160310
0.163480
0.166650
0.169820
0.172991
0.176161
0.179331
0.180520
0.180645
0.180769
0.180894
0.181019
0.181143
0.181268
0.181392
0.181517
0.181642
0.181766
0.181891
0.182015
0.182140
0.182265
0.182840
0.184261
0.185682
0.187103
0.188524
0.189945
0.191366
0.192786
0.194207
0.195628
0.197049
0.198470
0.199891
0.201312
0.202733
0.203963
0.204389
0.204814
0.205239
0.205664
0.206090
0.206515
0.206940
0.207366
0.207791
0.208216
0.208641
0.209067
0.209492
0.209917
0.210343
0.210768
0.211441
0.212210
0.212980
0.213749
0.214518
0.215287
0.216057
0.216826
0.217595
0.218365
0.219134
0.219903
0.220672
0.221442
0.222211
0.222980
0.223749
0.224040
0.223455
0.222869
0.222283
0.221697
0.221111
0.220526
0.219940
0.219354
0.218768
0.218182
0.217596
0.217011
0.216425
0.215839
0.215253
0.214667
0.214082
0.213496
0.212910
0.211665
0.210401
0.209137
0.207874
0.206610
0.205346
0.204082
0.202818
0.201554
0.200290
0.199027
0.197763
0.196499
0.195235
0.193971
0.192707
0.191443
0.190180
0.188916
0.187652
0.186356
0.185051
0.183746
0.182441
0.181136
0.179832
0.178527
0.177222
0.175917
0.174612
0.173307
0.172003
0.170698
0.169393
0.168088
0.166783
0.165479
0.164174
0.162869
0.161564
0.160259
0.158954
0.157843
0.156761
0.155678
0.154595
0.153513
0.152430
0.151348
0.150265
0.149183
0.148100
0.147017
0.145935
0.144852
0.143770
0.142687
0.141604
0.140522
0.139439
0.138357
0.137274
0.136192
0.135109
0.134026
0.132944
0.131891
0.130871
0.129851
0.128831
0.127812
0.126792
0.125772
0.124753
0.123733
0.122713
0.121694
0.120674
0.119654
0.118635
0.117615
0.116595
0.115576
0.114556
0.113536
0.112517
0.111497
0.110477
0.109458
0.108438
0.107418
0.106398
0.105095
0.103671
0.102247
0.100823
0.099400
0.097976
0.096552
0.095128
0.093704
0.092280
0.090856
0.089432
0.088008
0.086584
0.085160
0.083736
0.082312
0.080888
0.079465
0.078041
0.076617
0.075193
0.073769
0.072345
0.070921
0.069497
0.068243
0.067574
0.066906
0.066238
0.065569
0.064901
0.064233
0.063564
0.062896
0.062228
0.061559
0.060891
0.060223
0.059554
0.058886
0.058217
0.057549
0.056881
0.056212
0.055544
0.054876
0.054207
0.053539
0.052871
0.052202
0.051534
0.050742
0.049818
0.048894
0.047970
0.047046
0.046122
0.045198
0.044274
0.043350
0.042426
0.041502
0.040578
0.039654
0.038730
0.037806
0.036882
0.035958
0.035033
0.034109
0.033185
0.032261
0.031337
0.030413
0.029489
0.028565
0.027641
0.027262
0.027130
0.026998
0.026867
0.026735
0.026603
0.026471
0.026340
0.026208
0.026076
0.025944
0.025813
0.025681
0.025549
0.025417
0.025285
0.025154
0.025022
0.024890
0.024758
0.024627
0.024495
0.024363
0.024231
0.024100
0.023968
0.024023
0.024641
0.025258
0.025876
0.026493
0.027111
0.027728
0.028345
0.028963
0.029580
0.030198
0.030815
0.031433
0.032050
0.032668
0.033285
0.033903
0.034520
0.035138
0.035755
0.036373
0.036990
0.037608
0.038225
0.038843
0.039460
0.040077
0.041010
0.042169
0.043327
0.044486
0.045644
0.046803
0.047961
0.049120
0.050278
0.051437
0.052595
0.053754
0.054912
0.056071
0.057229
0.058388
0.059546
0.060705
0.061863
0.063022
0.064180
0.065339
0.066497
0.067656
0.068814
0.069973
0.071131
0.071756
0.072358
0.072959
0.073560
0.074161
0.074762
0.075364
0.075965
0.076566
0.077167
0.077769
0.078370
0.078971
0.079572
0.080173
0.080775
0.081376
0.081977
0.082578
0.083180
0.083781
0.084382
0.084983
0.085584
0.086186
0.086787
0.087017
0.085955
0.084894
0.083833
0.082771
0.081710
0.080649
0.079587
0.078526
0.077465
0.076403
0.075342
0.074281
0.073219
0.072158
0.071097
0.070035
0.068974
0.067913
0.066851
0.065790
0.064729
0.063667
0.062606
0.061544
0.060483
0.059422
0.058315
0.057173
0.056030
0.054888
0.053745
0.052603
0.051460
0.050317
0.049175
0.048032
0.046890
0.045747
0.044605
0.043462
0.042320
0.041177
0.040035
0.038892
0.037749
0.036607
0.035464
0.034322
0.033179
0.032037
0.030894
0.029752
0.028609
0.028484
