0.668379
0.668379
0.668379
0.668379
0.668379
0.668379
0.668379
0.668379
0.668379
0.668379
0.668379
0.668379
0.668379
0.668379
0.668379
0.668379
0.668379
0.668379
0.668379
0.668379
0.668379
0.668379
0.668379
0.661911
0.642078
0.622245
0.602412
0.582580
0.562747
0.542914
0.523081
0.503248
0.483415
0.463582
0.443749
0.423917
0.404084
0.384251
0.364418
0.344585
0.324752
0.304919
0.285086
0.265254
0.245421
0.225588
0.205755
0.185922
0.166089
0.146256
0.138004
0.135731
0.133459
0.131186
0.128913
0.126641
0.124368
0.122096
0.119823
0.117550
0.115278
0.113005
0.110733
0.108460
0.106187
0.103915
0.101642
0.099370
0.097097
0.094824
0.092552
0.090279
0.088007
0.085734
0.083461
0.081189
0.078916
0.077558
0.076206
0.074855
0.073503
0.072152
0.070800
0.069448
0.068097
0.066745
0.065394
0.064042
0.062690
0.061339
0.059987
0.058636
0.057284
0.055933
0.054581
0.053229
0.051878
0.050526
0.049175
0.047823
0.046471
0.045120
0.043768
0.042688
0.042168
0.041647
0.041127
0.040607
0.040087
0.039567
0.039047
0.038526
0.038006
0.037486
0.036966
0.036446
0.035926
0.035405
0.034885
0.034365
0.033845
0.033325
0.032805
0.032284
0.031764
0.031244
0.030724
0.030204
0.029684
0.029163
0.029033
0.029103
0.029173
0.029243
0.029313
0.029383
0.029453
0.029523
0.029593
0.029663
0.029733
0.029803
0.029873
0.029943
0.030014
0.030084
0.030154
0.030224
0.030294
0.030364
0.030434
0.030504
0.030574
0.030644
0.030714
0.030784
0.030854
0.030958
0.031061
0.031165
0.031269
0.031372
0.031476
0.031580
0.031683
0.031787
0.031891
0.031994
0.032098
0.032202
0.032305
0.032409
0.032512
0.032616
0.032720
0.032823
0.032927
0.033031
0.033134
0.033238
0.033342
0.033445
0.033549
0.033648
0.033738
0.033827
0.033917
0.034007
0.034097
0.034186
0.034276
0.034366
0.034456
0.034545
0.034635
0.034725
0.034814
0.034904
0.034994
0.035084
0.035173
0.035263
0.035353
0.035442
0.035532
0.035622
0.035712
0.035801
0.035891
0.035981
0.036441
0.037092
0.037742
0.038393
0.039044
0.039695
0.040346
0.040997
0.041648
0.042299
0.042949
0.043600
0.044251
0.044902
0.045553
0.046204
0.046855
0.047506
0.048156
0.048807
0.049458
0.050109
0.050760
0.051411
0.052062
0.052713
0.053363
0.053916
0.054467
0.055019
0.055570
0.056122
0.056673
0.057224
0.057776
0.058327
0.058879
0.059430
0.059982
0.060533
0.061085
0.061636
0.062188
0.062739
0.063291
0.063842
0.064394
0.064945
0.065497
0.066048
0.066600
0.067151
0.067653
0.068147
0.068641
0.069135
0.069629
0.070123
0.070617
0.071111
0.071605
0.072099
0.072593
0.073087
0.073581
0.074075
0.074569
0.075064
0.075558
0.076052
0.076546
0.077096
0.078431
0.079766
0.081100
0.082435
0.083770
0.085104
0.086439
0.087774
0.089108
0.090443
0.091778
0.093113
0.094447
0.095782
0.097117
0.098349
0.099013
0.099677
0.100341
0.101005
0.101669
0.102333
0.102997
0.103661
0.104325
0.104989
0.105653
0.106317
0.108323
0.112006
0.115688
0.119371
0.123053
0.126736
0.130419
0.134101
0.137784
0.141466
0.144739
0.147163
0.149587
0.152011
0.154435
0.156859
0.159283
0.161707
0.164561
0.170327
0.176093
0.181859
0.187625
0.193392
0.199158
0.204240
0.207966
0.211692
0.215418
0.223848
0.235894
0.247941
0.260915
0.278228
0.295541
0.311543
0.314254
0.316965
0.319263
0.320051
0.320839
0.327502
0.339279
0.351827
0.383431
0.415035
0.425948
0.426496
0.436201
0.457428
0.464793
0.444602
0.433307
0.439282
0.439915
0.433806
0.448270
0.473348
0.499148
0.522154
0.538732
0.530105
0.522033
0.548892
0.540913
0.535269
0.547249
0.537372
0.535133
0.537658
0.536085
0.531940
0.584797
0.625024
0.620388
0.599414
0.618981
0.656508
0.665963
0.661848
0.652971
0.673433
0.648842
0.653970
0.690039
0.688469
0.655205
0.645839
0.685381
0.809423
0.890769
0.866424
0.956921
0.998332
1.287955
1.574554
1.613048
1.838697
2.004691
2.573256
3.885517
6.041190
13.047884
34.941918
102.823926
166.653266
207.530699
280.181889
345.163380
553.686511
1040.404070
925.126369
706.283523
634.490196
486.452294
475.737435
446.177120
338.746157
232.168720
170.634608
164.812526
156.259415
143.695136
122.248265
117.832370
123.099585
101.759744
79.034819
65.187644
54.886587
56.305375
58.250515
61.792497
61.603738
38.341919
15.080100
9.738868
4.765645
2.955125
1.709053
0.926196
0.342325
0.076864
0.035282
0.026724
0.030919
0.038636
0.058888
0.081942
0.118047
0.147463
0.176496
0.192688
0.226568
0.310497
0.365545
0.411019
0.432903
0.486456
0.547980
0.644115
0.641797
0.786798
0.760031
0.859245
0.919551
0.850396
0.820676
0.880858
0.898347
0.929135
1.079945
1.035036
0.926601
0.982268
0.928822
0.962504
1.055493
1.093121
1.151996
1.249807
1.259933
1.248568
1.408442
1.461372
1.409133
1.387295
1.335962
1.270245
1.315014
1.252923
1.245699
1.237643
1.303633
1.287786
1.377352
1.379015
1.402310
1.483397
1.488410
1.444954
1.452520
1.456254
1.470866
1.357538
1.317838
1.306487
1.323518
1.295202
1.269471
1.272084
1.208988
1.172814
1.113136
1.154193
1.132505
1.195921
1.208792
1.206032
1.287286
1.247466
1.252087
1.319746
1.487579
1.590038
1.632209
1.660070
1.743208
1.779029
1.807079
1.867282
1.904411
1.963308
1.920951
1.931105
2.053818
2.149560
2.192655
2.276190
2.337624
2.398950
2.374045
2.438862
2.571895
2.688075
2.677692
2.334048
2.444143
2.644389
2.729104
2.659127
2.821212
3.054191
3.297668
3.338246
3.393008
3.418327
2.927417
3.066994
3.711466
4.552594
5.438660
6.042410
5.563024
5.239931
5.165965
5.414869
6.449002
6.092456
5.631645
6.754493
5.419924
5.043788
5.105304
4.548511
4.158191
4.113263
3.739776
2.701469
3.173449
3.101105
2.980491
2.871232
2.580180
2.721377
2.857062
2.789502
2.538436
2.420842
2.617959
2.828380
2.889447
2.796839
2.830489
2.807445
2.872987
2.955701
2.987001
2.939222
3.020351
3.133917
3.188078
3.061786
3.159368
3.180734
3.218238
3.354380
3.398127
3.503743
3.558611
3.462666
3.508749
3.510437
3.488720
3.484406
3.558129
3.604496
3.564829
3.513318
3.561401
3.763952
3.728606
3.704249
3.772478
3.800452
3.811502
3.803564
3.799762
3.801200
3.822539
3.851202
3.915921
3.984063
4.062329
4.140431
4.218225
4.288777
4.354805
4.394668
4.439594
4.503830
4.559547
4.612312
4.683144
4.746204
4.801996
4.845016
4.912899
5.008549
5.007140
5.075264
5.207112
5.231374
5.311309
5.416958
5.471611
5.495965
5.532660
5.612149
5.727091
5.784074
5.799793
5.864714
5.950208
6.038341
6.120631
6.174529
6.208964
6.258398
6.377496
6.415013
6.423263
6.434094
6.567330
6.633015
6.662572
6.667195
6.802852
6.867055
6.884393
6.917490
6.947300
7.017989
7.166790
7.157400
7.188035
7.283427
7.282297
7.279254
7.275269
7.321881
7.378190
7.444996
7.418383
7.420593
7.486252
7.506951
7.521701
7.607314
7.640645
7.606323
7.594748
7.591966
7.607151
7.618095
7.599760
7.642203
7.831579
7.916218
7.891799
8.156421
8.503121
8.492644
8.504767
8.552640
8.681192
8.827679
8.942661
9.055951
9.153094
9.103176
9.196165
9.379033
9.464318
9.601282
9.741238
9.761311
9.845539
9.913798
9.911369
10.079099
10.241115
10.383217
10.498786
10.524734
10.498023
10.443368
10.547555
10.700989
10.850619
10.957635
10.964971
10.953336
10.972886
11.064526
11.100318
11.202256
11.313368
11.381951
11.618027
11.667352
11.666445
11.771814
11.912560
12.081782
12.290517
12.569082
12.636998
12.852346
13.249290
13.612821
13.903663
14.217830
14.682083
15.090633
15.550880
16.116904
16.801963
17.383241
17.790249
18.454971
19.047024
19.431499
20.045676
20.669376
20.982935
21.458819
22.082774
22.697874
23.336622
24.181076
24.932922
25.497833
26.126018
26.819389
28.010078
29.469676
30.723819
32.018784
33.823418
35.488441
36.974627
38.514238
40.107531
41.886554
43.281334
44.448280
46.561329
48.372650
49.891536
51.357534
52.776382
54.190258
56.562737
58.252275
59.547837
61.331270
62.815164
64.053169
65.002300
67.257731
69.210514
70.645856
71.255909
72.605282
73.674680
74.020502
75.622856
76.420267
76.704459
76.707260
76.167996
76.664582
77.557845
77.578281
77.315932
77.858576
78.826901
77.611923
77.804307
78.237194
78.390643
77.742646
76.753424
75.866007
76.192817
76.470268
76.360715
75.612711
75.006406
74.918314
75.380271
74.343031
73.752456
73.577142
73.204058
73.115079
73.338371
71.990256
70.841093
70.354675
70.102718
69.923615
69.576871
69.371097
