0.668379
0.668379
0.668379
0.668379
0.668379
0.668379
0.668379
0.668379
0.668379
0.668379
0.668379
0.668379
0.668379
0.668379
0.668379
0.668379
0.668379
0.668379
0.668379
0.668379
0.668379
0.668379
0.668379
0.661952
0.642243
0.622535
0.602826
0.583118
0.563409
0.543701
0.523992
0.504284
0.484576
0.464867
0.445159
0.425450
0.405742
0.386033
0.366325
0.346616
0.326908
0.307199
0.287491
0.267783
0.248074
0.228366
0.208657
0.188949
0.169240
0.149532
0.141350
0.139120
0.136890
0.134660
0.132429
0.130199
0.127969
0.125739
0.123509
0.121279
0.119049
0.116819
0.114589
0.112358
0.110128
0.107898
0.105668
0.103438
0.101208
0.098978
0.096748
0.094518
0.092287
0.090057
0.087827
0.085597
0.083367
0.081877
0.080393
0.078909
0.077424
0.075940
0.074456
0.072971
0.071487
0.070003
0.068518
0.067034
0.065550
0.064065
0.062581
0.061097
0.059612
0.058128
0.056644
0.055159
0.053675
0.052191
0.050706
0.049222
0.047738
0.046253
0.044769
0.043630
0.043206
0.042782
0.042358
0.041934
0.041510
0.041086
0.040662
0.040238
0.039814
0.039389
0.038965
0.038541
0.038117
0.037693
0.037269
0.036845
0.036421
0.035997
0.035573
0.035148
0.034724
0.034300
0.033876
0.033452
0.033028
0.032604
0.032339
0.032158
0.031976
0.031794
0.031612
0.031430
0.031248
0.031066
0.030884
0.030702
0.030521
0.030339
0.030157
0.029975
0.029793
0.029611
0.029429
0.029247
0.029065
0.028884
0.028702
0.028520
0.028338
0.028156
0.027974
0.027792
0.027610
0.027591
0.027573
0.027555
0.027537
0.027519
0.027501
0.027483
0.027465
0.027447
0.027429
0.027411
0.027393
0.027374
0.027356
0.027338
0.027320
0.027302
0.027284
0.027266
0.027248
0.027230
0.027212
0.027194
0.027176
0.027158
0.027140
0.027276
0.027729
0.028183
0.028637
0.029091
0.029545
0.029998
0.030452
0.030906
0.031360
0.031813
0.032267
0.032721
0.033175
0.033629
0.034082
0.034536
0.034990
0.035444
0.035897
0.036351
0.036805
0.037259
0.037713
0.038166
0.038620
0.039074
0.039631
0.040242
0.040852
0.041463
0.042073
0.042684
0.043294
0.043905
0.044515
0.045126
0.045736
0.046347
0.046957
0.047568
0.048178
0.048789
0.049399
0.050010
0.050620
0.051231
0.051841
0.052452
0.053062
0.053673
0.054283
0.054894
0.055504
0.055589
0.055669
0.055750
0.055830
0.055911
0.055991
0.056072
0.056152
0.056233
0.056313
0.056394
0.056474
0.056555
0.056635
0.056716
0.056796
0.056877
0.056958
0.057038
0.057119
0.057199
0.057280
0.057360
0.057441
0.057521
0.057943
0.058850
0.059756
0.060663
0.061570
0.062477
0.063384
0.064290
0.065197
0.066104
0.067011
0.067918
0.068824
0.069731
0.070638
0.071545
0.072452
0.073358
0.074265
0.075172
0.076071
0.076675
0.077279
0.077883
0.078487
0.079091
0.079695
0.080299
0.080903
0.081506
0.082110
0.082714
0.083318
0.083922
0.084526
0.085130
0.085734
0.086885
0.088061
0.089237
0.090413
0.091589
0.092766
0.093942
0.095118
0.096294
0.097470
0.098646
0.099822
0.101229
0.104766
0.108303
0.111840
0.115377
0.118914
0.122451
0.125988
0.129525
0.133062
0.136599
0.139946
0.143291
0.146635
0.149979
0.153323
0.156667
0.160011
0.163356
0.167140
0.171149
0.175159
0.179168
0.183178
0.187187
0.191196
0.198063
0.205753
0.213443
0.221134
0.228824
0.236515
0.245915
0.255478
0.265041
0.274604
0.284166
0.295344
0.306815
0.318287
0.329758
0.340450
0.349709
0.358969
0.368228
0.377366
0.386228
0.395090
0.403952
0.420224
0.440554
0.443446
0.427118
0.422790
0.434749
0.437680
0.431195
0.447229
0.476114
0.497990
0.520068
0.546972
0.551676
0.540323
0.521426
0.521822
0.532861
0.515150
0.513529
0.532546
0.568172
0.585442
0.567064
0.534988
0.550130
0.588649
0.595753
0.592255
0.590390
0.568442
0.602734
0.603315
0.601434
0.594503
0.607174
0.642800
0.677985
0.697158
0.732586
0.737972
0.709476
0.791954
0.875651
0.942611
1.050359
1.039914
0.908573
0.983041
1.116974
1.512386
1.823768
2.008516
2.332916
2.621994
3.234660
4.663328
6.225709
11.622615
24.749021
57.709162
89.242123
123.401174
206.207128
460.684452
2679.191388
12115.123427
18480.427677
10983.301730
7108.489448
4376.613545
2655.162017
2019.430198
1197.452306
663.684429
524.253735
431.280329
312.159194
158.344018
72.480468
14.883982
7.136843
3.298739
1.908553
1.061335
0.307834
0.171073
0.067712
0.041896
0.022933
0.029036
0.037046
0.049017
0.061510
0.074321
0.087198
0.100655
0.120461
0.153250
0.170849
0.165440
0.195908
0.211112
0.229546
0.228074
0.239483
0.249089
0.243607
0.244242
0.253757
0.295146
0.339287
0.370921
0.389519
0.348628
0.352181
0.363483
0.375378
0.391753
0.414975
0.449595
0.510419
0.547035
0.502712
0.471758
0.530933
0.533042
0.511971
0.487275
0.510053
0.570260
0.598964
0.542278
0.676028
0.628984
0.582712
0.557216
0.557396
0.586695
0.626514
0.676002
0.721192
0.711742
0.676536
0.669512
0.676273
0.695770
0.711694
0.710665
0.701313
0.714391
0.694762
0.691009
0.682282
0.666208
0.653722
0.669660
0.696481
0.725898
0.754666
0.789212
0.749031
0.738712
0.749024
0.726564
0.709506
0.722819
0.759683
0.807598
0.778256
0.783149
0.827839
0.907761
0.892956
0.877592
0.907154
0.999499
1.054601
1.069914
1.125414
1.164574
1.189515
1.209760
1.223807
1.231192
1.263492
1.272053
1.224819
1.211945
1.213210
1.173049
1.157571
1.194976
1.175166
1.113237
1.119229
1.144715
1.171143
1.196967
1.212542
1.222645
1.189704
1.165598
1.210928
1.255980
1.295298
1.334617
1.338623
1.341937
1.381025
1.422436
1.416450
1.407063
1.404198
1.401615
1.507150
1.607268
1.589262
1.576289
1.594882
1.628038
1.710154
1.745434
1.693804
1.703221
1.775948
1.889196
2.025981
1.975603
1.877180
1.880736
1.875546
1.794135
1.759383
1.825486
1.845987
1.820011
1.810905
1.809482
1.968966
2.138778
2.007664
1.912055
1.951600
1.983895
2.004349
2.032179
2.066495
2.086941
2.101023
2.096156
2.087206
2.213584
2.346921
2.324442
2.305907
2.332117
2.351912
2.322183
2.305993
2.387072
2.461912
2.476757
2.491402
2.498709
2.506015
2.534648
2.565290
2.533069
2.481478
2.468306
2.491164
2.522417
2.589564
2.656711
2.661466
2.647212
2.633350
2.620703
2.608055
2.607221
2.613791
2.620362
2.672675
2.726276
2.782043
2.840976
2.899909
2.941633
2.981901
3.016437
3.045354
3.077964
3.132757
3.187550
3.221327
3.251029
3.268008
3.275661
3.299736
3.353742
3.403584
3.432586
3.461603
3.501594
3.541585
3.572570
3.602040
3.642846
3.687679
3.767043
3.866381
3.937824
3.986535
4.057256
4.151321
4.176673
4.107760
4.078962
4.127480
4.166188
4.175517
4.186752
4.208526
4.233210
4.316870
4.400530
4.400437
4.392658
4.430012
4.480710
4.523839
4.561883
4.613476
4.686244
4.751426
4.771667
4.791908
4.803685
4.814074
4.792594
4.742869
4.711255
4.787667
4.864079
4.856025
4.808411
4.763623
4.737361
4.711099
4.678916
4.640584
4.602253
4.653541
4.738010
4.823434
4.984519
5.145603
5.247811
5.272948
5.298084
5.329459
5.361107
5.414584
5.485705
5.546931
5.570345
5.593758
5.645800
5.700375
5.761649
5.825960
5.851509
5.837984
5.861321
5.953339
6.053127
6.178204
6.284210
6.285833
6.285710
6.268698
6.258836
6.387902
6.516263
6.613769
6.710286
6.640911
6.571536
6.690478
6.809644
6.859249
6.908540
6.900174
6.892053
6.955820
7.019587
6.985424
6.950970
7.017250
7.085268
7.107612
7.128111
7.169628
7.213027
7.414981
7.641007
7.798956
7.939757
8.177479
8.457902
8.666428
8.818568
9.022550
9.306339
9.589852
9.872129
10.154406
10.401404
10.645659
10.966463
11.335279
11.706801
12.087057
12.467314
12.628396
12.727322
12.911960
13.390572
13.869183
14.287932
14.662747
15.037561
15.873652
16.798106
17.647975
18.212141
18.776307
19.661256
20.696249
21.616881
22.144218
22.671554
23.499578
24.387716
25.281283
26.180116
27.170713
28.455015
29.729540
30.351294
30.973049
31.947312
32.992332
33.920341
34.795718
35.668493
36.539373
37.501347
38.558147
39.319859
39.670350
40.269213
41.332509
42.208179
42.616892
43.067047
43.654370
44.069011
43.720307
43.472174
43.849513
44.185488
44.119466
44.057288
44.086545
44.115803
43.830754
43.539262
43.547623
43.588988
43.248802
42.818792
42.761504
42.864488
42.908583
42.907940
42.672792
42.098952
41.690634
41.902428
42.114222
41.410674
40.676762
40.528574
40.658785
40.507583
39.803335
39.099087
38.771903
38.469172
38.267387
38.182318
38.097248
38.088424
