0.668379
0.668379
0.668379
0.668379
0.668379
0.668379
0.668379
0.668379
0.668379
0.668379
0.668379
0.668379
0.668379
0.668379
0.668379
0.668379
0.668379
0.668379
0.668379
0.668379
0.668379
0.668379
0.668379
0.661844
0.641804
0.621764
0.601724
0.581684
0.561644
0.541604
0.521564
0.501524
0.481484
0.461444
0.441404
0.421365
0.401325
0.381285
0.361245
0.341205
0.321165
0.301125
0.281085
0.261045
0.241005
0.220965
0.200925
0.180886
0.160846
0.140806
0.132499
0.130252
0.128004
0.125756
0.123509
0.121261
0.119014
0.116766
0.114518
0.112271
0.110023
0.107775
0.105528
0.103280
0.101032
0.098785
0.096537
0.094290
0.092042
0.089794
0.087547
0.085299
0.083051
0.080804
0.078556
0.076308
0.074061
0.072818
0.071583
0.070348
0.069113
0.067878
0.066643
0.065408
0.064173
0.062938
0.061703
0.060468
0.059233
0.057997
0.056762
0.055527
0.054292
0.053057
0.051822
0.050587
0.049352
0.048117
0.046882
0.045647
0.044411
0.043176
0.041941
0.040961
0.040509
0.040056
0.039603
0.039150
0.038697
0.038244
0.037792
0.037339
0.036886
0.036433
0.035980
0.035527
0.035075
0.034622
0.034169
0.033716
0.033263
0.032810
0.032358
0.031905
0.031452
0.030999
0.030546
0.030093
0.029641
0.029188
0.029174
0.029386
0.029599
0.029811
0.030024
0.030237
0.030449
0.030662
0.030874
0.031087
0.031299
0.031512
0.031725
0.031937
0.032150
0.032362
0.032575
0.032787
0.033000
0.033212
0.033425
0.033638
0.033850
0.034063
0.034275
0.034488
0.034700
0.034599
0.034494
0.034390
0.034286
0.034182
0.034078
0.033973
0.033869
0.033765
0.033661
0.033557
0.033452
0.033348
0.033244
0.033140
0.033036
0.032932
0.032827
0.032723
0.032619
0.032515
0.032411
0.032306
0.032202
0.032098
0.031994
0.032043
0.032408
0.032774
0.033139
0.033505
0.033871
0.034236
0.034602
0.034967
0.035333
0.035698
0.036064
0.036429
0.036795
0.037160
0.037526
0.037891
0.038257
0.038622
0.038988
0.039354
0.039719
0.040085
0.040450
0.040816
0.041181
0.041547
0.042046
0.042615
0.043184
0.043752
0.044321
0.044890
0.045458
0.046027
0.046596
0.047164
0.047733
0.048302
0.048870
0.049439
0.050008
0.050576
0.051145
0.051714
0.052282
0.052851
0.053420
0.053988
0.054557
0.055126
0.055694
0.056263
0.056832
0.057162
0.057492
0.057822
0.058151
0.058481
0.058811
0.059141
0.059470
0.059800
0.060130
0.060460
0.060789
0.061119
0.061449
0.061779
0.062108
0.062438
0.062768
0.063098
0.063427
0.063757
0.064087
0.064416
0.064746
0.065496
0.066725
0.067954
0.069183
0.070412
0.071641
0.072870
0.074099
0.075328
0.076557
0.077785
0.079014
0.080243
0.081472
0.082701
0.083930
0.085159
0.086388
0.087617
0.088846
0.089780
0.090605
0.091431
0.092256
0.093082
0.093907
0.094733
0.095558
0.096384
0.097209
0.098034
0.098860
0.099685
0.100511
0.101336
0.102162
0.103559
0.105164
0.106769
0.108375
0.109980
0.111585
0.113191
0.114796
0.116401
0.118006
0.119612
0.121217
0.122822
0.125074
0.127329
0.129584
0.131839
0.134094
0.136349
0.138604
0.140859
0.143113
0.145368
0.149293
0.153584
0.157874
0.162164
0.166454
0.170744
0.175034
0.179324
0.183964
0.188888
0.193813
0.198738
0.203663
0.208587
0.213512
0.220195
0.228023
0.235850
0.243678
0.251506
0.259333
0.265842
0.271928
0.278014
0.284099
0.290185
0.299917
0.311729
0.323542
0.335355
0.346376
0.350554
0.354731
0.358909
0.362930
0.362688
0.362445
0.362202
0.368586
0.386665
0.404745
0.422938
0.453399
0.483859
0.514320
0.528956
0.542022
0.554125
0.542443
0.530761
0.521085
0.514970
0.508855
0.523287
0.541666
0.552658
0.555548
0.559791
0.568109
0.579769
0.608709
0.627458
0.603748
0.593900
0.615357
0.621476
0.612886
0.643540
0.679185
0.683527
0.664352
0.629581
0.677793
0.677135
0.647488
0.668177
0.698395
0.731926
0.766121
0.803008
0.776380
0.753676
0.804763
0.915064
0.850623
0.894008
0.924243
0.951016
1.019962
1.141974
1.273507
1.348204
1.295196
1.102694
1.128879
1.257587
1.446461
1.709710
1.766818
2.142305
2.484485
2.543012
2.730704
2.915840
3.093287
3.357298
3.361635
3.154294
2.721029
2.419594
2.211780
2.047333
1.800829
1.484830
1.296534
1.159052
1.073621
0.964324
0.803208
0.631847
0.612522
0.570039
0.515363
0.463643
0.455765
0.431639
0.455767
0.499234
0.540734
0.577418
0.606890
0.642041
0.709773
0.763280
0.852875
0.894477
0.917335
0.995834
1.006384
0.986715
1.030346
1.143995
1.118172
1.038290
1.154549
1.085822
1.084683
1.131871
1.196405
1.241724
1.275781
1.451822
1.558952
1.477407
1.423464
1.497087
1.382024
1.449079
1.621310
1.669297
1.613049
1.627618
1.699442
1.591179
1.636315
1.675236
1.753155
1.668799
1.658081
1.653630
1.718863
1.858574
1.863081
1.830250
2.075832
1.972152
1.967124
2.126811
2.216089
1.966409
2.119882
2.203687
2.189760
2.161080
2.140765
2.345340
2.431480
2.296197
2.263862
2.294102
2.291638
2.412887
2.531217
2.537739
2.476352
2.521873
2.509982
2.553150
2.500136
2.435219
2.402211
2.391949
2.339485
2.334319
2.268584
2.166032
2.233592
2.332922
2.404227
2.644948
2.672568
3.017562
3.017920
3.308844
4.004328
4.447672
5.012593
4.878606
5.205343
4.952243
5.191777
5.403052
4.623283
4.249797
3.982879
3.963900
3.627289
3.785418
3.566626
3.364634
3.484082
3.338064
3.296457
3.265315
3.182030
3.209233
3.281506
3.346108
3.336987
3.303265
3.252481
3.206146
3.106517
2.989303
2.983549
3.075231
3.108995
3.006547
2.934355
2.963395
2.973931
3.024640
3.059925
3.049193
3.072329
3.188531
3.133519
3.215114
3.151275
3.125229
3.102426
3.140628
3.129486
3.269977
3.390756
3.464815
3.456588
3.422090
3.393687
3.375364
3.323497
3.307519
3.331852
3.345129
3.434388
3.465892
3.493027
3.411068
3.491047
3.430115
3.527297
3.475382
3.526296
3.570982
3.596060
3.702600
3.829089
3.864587
3.849958
3.845441
3.864947
3.862132
3.867940
3.851613
3.932945
3.963576
4.021892
4.099677
4.068046
4.099709
4.145253
4.214753
4.277948
4.276263
4.340983
4.456399
4.531862
4.546483
4.516065
4.454206
4.403819
4.442522
4.528396
4.588389
4.645761
4.698499
4.733320
4.760191
4.798475
4.768733
4.791742
4.837494
4.891688
4.941824
4.934754
5.053596
5.270865
5.287286
5.301613
5.360467
5.431500
5.469069
5.590526
5.817512
5.832136
5.874651
5.988468
6.039495
6.224127
6.240949
6.379419
6.446819
6.436385
6.555561
6.658515
6.774593
6.878330
6.902142
6.984452
7.113493
7.205603
7.299997
7.383023
7.496651
7.569422
7.694126
7.699153
7.824786
7.931824
8.078180
8.127585
8.362518
8.355191
8.504063
8.486414
8.661233
8.535884
8.746115
8.749868
8.974530
8.854835
9.072612
9.079462
9.094387
9.161769
9.257966
9.397647
9.508461
9.455236
9.477334
9.637485
9.681204
9.624791
9.818262
9.759702
9.894131
9.885139
9.997787
10.065576
10.087197
10.194727
10.148591
10.094671
10.040610
10.012646
10.032257
10.094734
10.193758
10.273584
10.296053
10.389511
10.584255
10.827543
11.042619
11.010680
11.313617
11.559795
11.645519
11.686727
11.993207
11.984111
12.113284
12.256113
12.370857
12.520028
12.709820
12.845825
12.958102
13.175152
13.159311
13.324904
13.337638
13.467239
13.755443
13.714760
13.869358
14.042160
14.030888
14.209879
14.363501
14.290859
14.541509
14.885913
14.788467
14.824981
14.820201
14.975061
15.354612
15.217919
15.559761
15.450071
15.482388
15.540724
16.032069
16.131288
16.644105
17.111020
17.172248
17.293829
17.740756
18.530046
19.176442
19.688125
20.258408
20.706272
21.802821
22.179365
22.951378
23.596702
24.370797
25.098865
26.068681
27.006821
27.671598
28.440540
29.188892
29.991984
30.991630
31.633523
32.362884
33.506908
34.906293
36.046752
37.071452
38.168165
39.458311
39.998318
41.211223
43.196620
46.181910
48.038576
50.010495
52.264580
54.811979
57.234366
59.484467
61.338124
64.136256
67.032268
68.612320
71.350378
73.808063
77.042450
78.143773
80.509639
83.173213
86.375730
89.154902
90.098458
91.819573
95.611489
97.408145
99.646859
102.064038
103.918905
105.661086
107.275386
108.522027
110.334239
110.966486
111.314607
110.403664
110.760702
112.229935
112.512797
112.462361
112.166559
112.943817
111.658529
111.180113
113.835834
111.857590
111.492340
110.685087
110.200286
110.821094
110.905921
109.982499
109.727864
108.528564
109.173957
109.031073
108.536420
108.372535
108.822091
107.803722
106.437598
106.648050
105.764341
106.328739
105.512649
105.063416
104.439710
103.000194
101.664580
