0.668379
0.668379
0.668379
0.668379
0.668379
0.668379
0.668379
0.668379
0.668379
0.668379
0.668379
0.668379
0.668379
0.668379
0.668379
0.668379
0.668379
0.668379
0.668379
0.668379
0.668379
0.668379
0.668379
0.662091
0.642810
0.623529
0.604248
0.584967
0.565686
0.546405
0.527124
0.507843
0.488562
0.469281
0.450000
0.430718
0.411437
0.392156
0.372875
0.353594
0.334313
0.315032
0.295751
0.276470
0.257189
0.237908
0.218627
0.199346
0.180065
0.160784
0.152931
0.150978
0.149026
0.147074
0.145122
0.143170
0.141218
0.139265
0.137313
0.135361
0.133409
0.131457
0.129504
0.127552
0.125600
0.123648
0.121696
0.119743
0.117791
0.115839
0.113887
0.111935
0.109983
0.108030
0.106078
0.104126
0.102174
0.100341
0.098509
0.096677
0.094845
0.093013
0.091181
0.089349
0.087517
0.085685
0.083853
0.082021
0.080189
0.078357
0.076524
0.074692
0.072860
0.071028
0.069196
0.067364
0.065532
0.063700
0.061868
0.060036
0.058204
0.056372
0.054540
0.052989
0.052019
0.051049
0.050079
0.049109
0.048139
0.047169
0.046199
0.045229
0.044259
0.043289
0.042319
0.041349
0.040379
0.039409
0.038439
0.037469
0.036499
0.035529
0.034559
0.033589
0.032619
0.031649
0.030679
0.029709
0.028739
0.027769
0.027390
0.027316
0.027242
0.027168
0.027094
0.027020
0.026946
0.026871
0.026797
0.026723
0.026649
0.026575
0.026501
0.026427
0.026353
0.026279
0.026205
0.026131
0.026057
0.025983
0.025909
0.025835
0.025761
0.025687
0.025613
0.025539
0.025465
0.025455
0.025446
0.025437
0.025428
0.025419
0.025410
0.025401
0.025392
0.025383
0.025374
0.025365
0.025356
0.025347
0.025338
0.025329
0.025320
0.025311
0.025302
0.025293
0.025284
0.025275
0.025266
0.025257
0.025248
0.025239
0.025230
0.025324
0.025629
0.025935
0.026241
0.026547
0.026853
0.027159
0.027465
0.027771
0.028077
0.028383
0.028689
0.028995
0.029301
0.029607
0.029913
0.030219
0.030524
0.030830
0.031136
0.031442
0.031748
0.032054
0.032360
0.032666
0.032972
0.033278
0.033696
0.034173
0.034649
0.035126
0.035603
0.036079
0.036556
0.037032
0.037509
0.037985
0.038462
0.038938
0.039415
0.039891
0.040368
0.040845
0.041321
0.041798
0.042274
0.042751
0.043227
0.043704
0.044180
0.044657
0.045133
0.045610
0.046087
0.046010
0.045930
0.045849
0.045769
0.045688
0.045608
0.045528
0.045447
0.045367
0.045286
0.045206
0.045125
0.045045
0.044965
0.044884
0.044804
0.044723
0.044643
0.044562
0.044482
0.044402
0.044321
0.044241
0.044160
0.044080
0.043999
0.044115
0.044565
0.045016
0.045466
0.045917
0.046367
0.046818
0.047268
0.047719
0.048169
0.048620
0.049070
0.049521
0.049971
0.050422
0.050872
0.051323
0.051773
0.052224
0.052674
0.053125
0.053575
0.054026
0.054622
0.055853
0.057084
0.058315
0.059546
0.060778
0.062009
0.063240
0.064471
0.065702
0.066933
0.068165
0.069396
0.070627
0.071858
0.073089
0.074320
0.075551
0.076783
0.077662
0.078340
0.079017
0.079695
0.080372
0.081050
0.081728
0.082405
0.083083
0.083760
0.084438
0.085115
0.085793
0.086470
0.087148
0.088683
0.090695
0.092706
0.094717
0.096728
0.098740
0.100751
0.102762
0.104773
0.106784
0.108796
0.110807
0.113526
0.116456
0.119386
0.122316
0.125247
0.128177
0.131107
0.134037
0.136967
0.139866
0.142155
0.144443
0.146731
0.149020
0.151308
0.153596
0.155885
0.158173
0.163748
0.169642
0.175535
0.181429
0.187322
0.193216
0.199235
0.207933
0.216631
0.225329
0.234027
0.242725
0.251354
0.259104
0.266854
0.274605
0.282355
0.290105
0.301104
0.313238
0.325372
0.337506
0.349640
0.348182
0.345180
0.342179
0.339178
0.343715
0.357416
0.371117
0.384818
0.394709
0.397376
0.400043
0.402710
0.410503
0.423042
0.435581
0.448120
0.455867
0.463333
0.470799
0.473548
0.472351
0.471153
0.470637
0.471596
0.472554
0.476642
0.490143
0.503643
0.512038
0.510515
0.508992
0.513094
0.521091
0.529087
0.538238
0.547494
0.549618
0.539343
0.529068
0.567844
0.611417
0.625100
0.615463
0.609986
0.615319
0.622049
0.647093
0.672137
0.644631
0.612351
0.613807
0.622971
0.630308
0.637022
0.633974
0.627101
0.623614
0.621435
0.602603
0.578064
0.578317
0.585893
0.614533
0.647694
0.681923
0.715948
0.709361
0.703688
0.705043
0.701426
0.677216
0.641265
0.575479
0.550267
0.596128
0.611009
0.586319
0.598151
0.646077
0.662678
0.653917
0.651725
0.654218
0.636591
0.605789
0.609879
0.637536
0.650011
0.650013
0.643303
0.629130
0.621605
0.626261
0.633784
0.654022
0.674260
0.620401
0.585915
0.570058
0.549573
0.537465
0.533813
0.558714
0.565317
0.557184
0.591532
0.613137
0.609222
0.626106
0.650814
0.644600
0.637654
0.629053
0.614354
0.593997
0.582295
0.574968
0.579492
0.587878
0.572840
0.551238
0.560127
0.579742
0.572278
0.547849
0.551920
0.598256
0.638417
0.613867
0.589317
0.589804
0.603552
0.614047
0.578158
0.542270
0.522072
0.525285
0.528498
0.536153
0.545268
0.556642
0.593948
0.631253
0.653356
0.655173
0.656989
0.648803
0.637869
0.627331
0.636995
0.646659
0.652760
0.647435
0.642110
0.645813
0.661070
0.676328
0.688374
0.697862
0.707349
0.719080
0.732263
0.745446
0.756696
0.766735
0.776773
0.787777
0.799605
0.811433
0.820559
0.825489
0.830419
0.835396
0.841085
0.846774
0.852463
0.859195
0.866634
0.874073
0.881183
0.875039
0.868896
0.862753
0.859445
0.865818
0.872192
0.878565
0.888034
0.910887
0.933741
0.956594
0.978549
0.981548
0.984546
0.987545
0.990907
0.996976
1.003046
1.009115
1.017155
1.029742
1.042329
1.054915
1.063000
1.068591
1.074181
1.079523
1.081346
1.083169
1.084992
1.090378
1.098884
1.107389
1.115421
1.118287
1.121153
1.124019
1.126874
1.129724
1.132574
1.142284
1.166722
1.191161
1.215599
1.227975
1.240345
1.252714
1.259375
1.262891
1.266407
1.270421
1.275740
1.281060
1.286379
1.296034
1.306285
1.316536
1.321659
1.320096
1.318532
1.316969
1.323255
1.329746
1.336237
1.337012
1.329846
1.322680
1.315513
1.322002
1.332615
1.343228
1.353704
1.351426
1.349148
1.346870
1.345182
1.347529
1.349875
1.352222
1.354382
1.350892
1.347403
1.343913
1.340424
1.361167
1.389050
1.416932
1.444815
1.464291
1.479931
1.495570
1.511209
1.528555
1.546354
1.564153
1.584778
1.636812
1.688846
1.740880
1.759081
1.742426
1.725771
1.710177
1.738093
1.766009
1.793926
1.811153
1.821581
1.832009
1.851815
1.899315
1.946815
1.994316
1.995413
1.993710
1.992007
2.016026
2.053713
2.091400
2.118656
2.128675
2.138694
2.149345
2.164248
2.179150
2.194053
2.207838
2.221505
2.235172
2.251171
2.268368
2.285565
2.300955
2.313480
2.326004
2.337355
2.337427
2.337499
2.337571
2.345049
2.355015
2.364981
2.366864
2.355600
2.344336
2.333072
2.298715
2.261890
2.225066
2.197315
2.188381
2.179447
2.170513
2.161480
2.152389
2.143298
2.134208
2.119021
2.102237
2.085454
2.068670
2.041885
2.012366
1.982848
1.953329
1.933365
1.919870
1.906375
1.892880
1.885361
1.903368
1.921374
1.939381
1.957387
1.941504
1.924174
1.906843
1.889512
1.911824
1.939059
1.966295
1.993530
2.009336
2.024355
2.039373
2.057504
2.107918
2.158333
2.208748
2.247780
2.263646
2.279512
2.295379
2.323568
2.359006
2.394445
2.429883
2.478927
2.528471
2.578015
2.614741
2.627676
2.640610
2.653544
2.659762
2.663548
2.667333
2.676067
2.732511
2.788955
2.845399
2.909468
2.983315
3.057162
3.131008
3.211327
3.294160
3.376992
3.459825
3.559489
3.660737
3.761985
3.862766
3.909000
3.955234
4.001468
4.047702
4.132788
4.219041
4.305293
4.391545
4.498259
4.611817
4.725376
4.838934
4.918592
4.921084
4.923577
4.926069
4.928561
5.012148
5.161193
5.310238
5.459283
5.608328
5.609831
