0.668379
0.668379
0.668379
0.668379
0.668379
0.668379
0.668379
0.668379
0.668379
0.668379
0.668379
0.668379
0.668379
0.668379
0.668379
0.668379
0.668379
0.668379
0.668379
0.668379
0.668379
0.668379
0.668379
0.662064
0.642699
0.623334
0.603969
0.584604
0.565239
0.545874
0.526509
0.507144
0.487779
0.468415
0.449050
0.429685
0.410320
0.390955
0.371590
0.352225
0.332860
0.313495
0.294130
0.274766
0.255401
0.236036
0.216671
0.197306
0.177941
0.158576
0.150556
0.148394
0.146231
0.144069
0.141907
0.139745
0.137582
0.135420
0.133258
0.131096
0.128934
0.126771
0.124609
0.122447
0.120285
0.118122
0.115960
0.113798
0.111636
0.109473
0.107311
0.105149
0.102987
0.100825
0.098662
0.096500
0.094338
0.092480
0.090625
0.088769
0.086914
0.085058
0.083203
0.081347
0.079492
0.077636
0.075781
0.073925
0.072070
0.070214
0.068359
0.066503
0.064648
0.062792
0.060937
0.059081
0.057226
0.055370
0.053515
0.051659
0.049804
0.047948
0.046093
0.044682
0.044191
0.043701
0.043210
0.042719
0.042228
0.041737
0.041246
0.040755
0.040264
0.039773
0.039282
0.038791
0.038300
0.037809
0.037318
0.036827
0.036336
0.035845
0.035354
0.034863
0.034372
0.033881
0.033390
0.032899
0.032408
0.031917
0.031601
0.031375
0.031149
0.030923
0.030697
0.030471
0.030245
0.030019
0.029793
0.029567
0.029341
0.029115
0.028889
0.028663
0.028437
0.028211
0.027985
0.027759
0.027533
0.027307
0.027081
0.026855
0.026629
0.026403
0.026177
0.025951
0.025725
0.025894
0.026065
0.026236
0.026407
0.026578
0.026749
0.026920
0.027091
0.027262
0.027433
0.027604
0.027775
0.027946
0.028117
0.028288
0.028459
0.028631
0.028802
0.028973
0.029144
0.029315
0.029486
0.029657
0.029828
0.029999
0.030170
0.030284
0.030278
0.030273
0.030267
0.030261
0.030256
0.030250
0.030245
0.030239
0.030234
0.030228
0.030223
0.030217
0.030212
0.030206
0.030201
0.030195
0.030190
0.030184
0.030178
0.030173
0.030167
0.030162
0.030156
0.030151
0.030145
0.030140
0.030500
0.031049
0.031599
0.032148
0.032697
0.033246
0.033795
0.034345
0.034894
0.035443
0.035992
0.036542
0.037091
0.037640
0.038189
0.038738
0.039288
0.039837
0.040386
0.040935
0.041485
0.042034
0.042583
0.043132
0.043682
0.044231
0.044760
0.044919
0.045078
0.045237
0.045396
0.045555
0.045714
0.045872
0.046031
0.046190
0.046349
0.046508
0.046667
0.046826
0.046985
0.047144
0.047303
0.047461
0.047620
0.047779
0.047938
0.048097
0.048256
0.048415
0.048574
0.048733
0.048892
0.049278
0.049721
0.050165
0.050608
0.051051
0.051495
0.051938
0.052382
0.052825
0.053268
0.053712
0.054155
0.054599
0.055042
0.055485
0.055929
0.056372
0.056816
0.057259
0.057703
0.058146
0.058589
0.059756
0.061113
0.062470
0.063828
0.065185
0.066542
0.067899
0.069256
0.070613
0.071970
0.073327
0.074684
0.076041
0.077398
0.078756
0.080113
0.081470
0.082658
0.083362
0.084066
0.084771
0.085475
0.086179
0.086883
0.087587
0.088291
0.088995
0.089699
0.090403
0.091107
0.091811
0.092614
0.093826
0.095039
0.096251
0.097463
0.098675
0.099887
0.101099
0.102311
0.103523
0.104736
0.106128
0.110104
0.114080
0.118056
0.122031
0.126007
0.129983
0.133959
0.137935
0.141895
0.145478
0.149062
0.152645
0.156228
0.159811
0.163394
0.166977
0.172432
0.179641
0.186851
0.194060
0.201269
0.208479
0.215439
0.220794
0.226149
0.231504
0.236860
0.242215
0.254143
0.270524
0.286905
0.303286
0.319667
0.328110
0.332842
0.337573
0.342304
0.348369
0.358743
0.369116
0.379489
0.388425
0.391193
0.393960
0.396728
0.401859
0.409689
0.417518
0.425351
0.433505
0.441660
0.449815
0.445912
0.438764
0.431617
0.446943
0.468925
0.490908
0.503386
0.515139
0.523709
0.520516
0.517324
0.518674
0.522495
0.523834
0.514024
0.504215
0.512316
0.523386
0.545945
0.575468
0.595816
0.604415
0.601473
0.576826
0.558558
0.555391
0.567525
0.606993
0.610421
0.569510
0.547722
0.539155
0.559735
0.586659
0.567082
0.542717
0.508411
0.543032
0.610942
0.619904
0.634809
0.656793
0.666633
0.672103
0.672562
0.675720
0.708626
0.784883
0.776729
0.742546
0.694086
0.764994
0.781873
0.763592
0.735823
0.742538
0.714560
0.616694
0.528226
0.490743
0.494940
0.527309
0.553281
0.598055
0.664719
0.695772
0.705455
0.694550
0.657753
0.646563
0.641376
0.642274
0.680181
0.701644
0.699196
0.643230
0.684480
0.721984
0.685975
0.654874
0.646261
0.689579
0.634299
0.559864
0.538149
0.511341
0.480974
0.552179
0.620884
0.676725
0.672488
0.631576
0.634173
0.641492
0.640457
0.649109
0.684739
0.626945
0.648816
0.676088
0.668889
0.602146
0.658562
0.668661
0.659887
0.661089
0.660637
0.627382
0.554187
0.597702
0.614837
0.591786
0.598222
0.595695
0.554566
0.564524
0.608438
0.620072
0.625505
0.614920
0.614087
0.643013
0.660979
0.653363
0.656102
0.688332
0.709002
0.664856
0.621992
0.633675
0.645358
0.630710
0.612844
0.600990
0.591658
0.601802
0.630787
0.655582
0.670479
0.687498
0.727494
0.767490
0.765170
0.755038
0.757406
0.767093
0.778028
0.791153
0.803899
0.813582
0.823264
0.826442
0.827862
0.838941
0.859274
0.876838
0.866074
0.855311
0.860794
0.875981
0.889241
0.889995
0.890749
0.882123
0.867984
0.854042
0.863492
0.872941
0.881731
0.889077
0.896422
0.915117
0.944819
0.974521
0.988474
0.991851
0.995228
1.005766
1.020502
1.035239
1.046609
1.053737
1.060865
1.068408
1.078248
1.088089
1.097929
1.124306
1.150879
1.177453
1.208862
1.240728
1.272595
1.288587
1.303293
1.317984
1.331803
1.345622
1.359099
1.371219
1.383339
1.397324
1.414070
1.430817
1.445288
1.458529
1.471770
1.509870
1.548983
1.576781
1.576763
1.576746
1.578866
1.582176
1.585487
1.604188
1.623305
1.638888
1.646318
1.653749
1.676332
1.707165
1.737998
1.751944
1.765573
1.777348
1.784741
1.792134
1.798762
1.804915
1.811069
1.838811
1.868505
1.895429
1.910004
1.924578
1.938144
1.950305
1.962466
1.971998
1.979726
1.987455
1.987397
1.983849
1.980301
1.984178
1.990608
1.997039
1.994802
1.989184
1.983565
1.982789
1.985644
1.988500
1.991889
1.996654
2.001418
2.006183
2.031198
2.059550
2.087902
2.120588
2.157622
2.194657
2.228710
2.254915
2.281120
2.310948
2.356940
2.402932
2.449927
2.500893
2.551859
2.603365
2.656321
2.709276
2.755064
2.790641
2.826219
2.854332
2.877826
2.901320
2.928319
2.955840
2.987330
3.040360
3.093390
3.119544
3.115701
3.111859
3.150853
3.199183
3.250606
3.315187
3.379768
3.398706
3.382877
3.367048
3.436613
3.510253
3.565897
3.585857
3.605817
3.603924
3.593811
3.587688
3.616331
3.644975
3.666692
3.680242
3.693792
3.664913
3.623868
3.587632
3.643716
3.699801
3.740982
3.745026
3.749070
3.729683
3.684372
3.639061
3.607244
3.584446
3.561649
3.561643
3.573488
3.585334
3.556581
3.502195
3.447808
3.434929
3.469525
3.504121
3.524661
3.479496
3.434332
3.389167
3.355257
3.325155
3.295054
3.287590
3.316264
3.344937
3.382920
3.474591
3.566262
3.657656
3.689790
3.721923
3.754057
3.808124
3.863531
3.918937
3.979983
4.041328
4.102250
4.112156
4.122062
4.144435
4.264595
4.384754
4.463873
4.412092
4.360310
4.386986
4.534863
4.682739
4.714969
4.658112
4.601255
4.631395
4.691512
4.751630
4.845694
4.942627
5.025612
4.970884
4.916155
4.881386
4.908190
4.934993
4.975994
5.040591
5.105188
5.198927
5.325392
5.451857
5.579168
5.707236
5.835304
6.020123
6.248350
6.476576
6.625575
6.705806
6.786037
6.904077
7.070751
7.237424
7.396153
7.531449
7.666746
7.802043
7.891875
7.979636
8.067398
8.227076
8.460702
8.694328
8.927954
9.197874
9.473180
9.748486
10.013608
10.255236
10.496864
10.738492
11.350891
12.004685
12.658479
13.141381
13.522459
13.903537
14.372215
14.941282
15.510349
16.065547
16.598785
17.132023
17.655753
18.163748
18.671742
19.383018
20.373793
21.364569
22.014618
22.336847
22.659076
23.220932
23.922034
24.623137
25.063087
25.429949
25.796811
25.628877
25.432125
25.277966
25.424857
25.571748
25.615256
25.413939
25.212622
25.045687
24.918683
24.791680
25.058295
25.573806
26.089318
26.106882
25.949549
25.792216
25.766629
