0.655727
0.655727
0.655727
0.655727
0.655727
0.655727
0.655727
0.655727
0.655727
0.655727
0.655727
0.655727
0.655727
0.655727
0.655727
0.655727
0.655727
0.655727
0.655727
0.655727
0.655727
0.655727
0.655727
0.655727
0.655727
0.655727
0.655727
0.655727
0.655727
0.655727
0.655727
0.655727
0.655727
0.655727
0.655727
0.655727
0.655727
0.655727
0.655727
0.655727
0.655727
0.655727
0.655727
0.655727
0.655727
0.655727
0.655727
0.655727
0.655727
0.655727
0.655727
0.655727
0.655727
0.655727
0.655727
0.655727
0.655727
0.655727
0.655727
0.655727
0.655727
0.655727
0.655727
0.655727
0.655727
0.655727
0.655727
0.655727
0.655727
0.649662
0.643246
0.636830
0.630414
0.623998
0.617583
0.611167
0.604751
0.598335
0.591919
0.585504
0.579088
0.572672
0.566256
0.559840
0.553425
0.547009
0.540593
0.534177
0.527761
0.521346
0.514930
0.508514
0.502098
0.495683
0.489267
0.482851
0.476435
0.470019
0.463604
0.457188
0.450772
0.444356
0.437940
0.431525
0.425109
0.418693
0.412277
0.405861
0.399446
0.393030
0.386614
0.380198
0.373782
0.367367
0.360951
0.354535
0.348119
0.341703
0.335288
0.328872
0.322456
0.316040
0.309625
0.303209
0.296793
0.290377
0.283961
0.277546
0.271130
0.264714
0.258298
0.251882
0.245467
0.239051
0.232635
0.226219
0.219803
0.213388
0.206972
0.200556
0.194140
0.187724
0.181309
0.174893
0.168477
0.162061
0.155645
0.149230
0.142814
0.141762
0.141020
0.140277
0.139535
0.138793
0.138051
0.137309
0.136567
0.135824
0.135082
0.134340
0.133598
0.132856
0.132114
0.131371
0.130629
0.129887
0.129145
0.128403
0.127661
0.126918
0.126176
0.125434
0.124692
0.123950
0.123207
0.122465
0.121723
0.120981
0.120239
0.119497
0.118754
0.118012
0.117270
0.116528
0.115786
0.115044
0.114301
0.113559
0.112817
0.112075
0.111333
0.110590
0.109848
0.109106
0.108364
0.107622
0.106880
0.106137
0.105395
0.104653
0.103911
0.103169
0.102427
0.101684
0.100942
0.100200
0.099458
0.098716
0.097974
0.097231
0.096489
0.095747
0.095005
0.094263
0.093520
0.092778
0.092036
0.091294
0.090552
0.089810
0.089067
0.088325
0.087583
0.086841
0.086099
0.085357
0.084614
0.083872
0.083130
0.082668
0.082221
0.081775
0.081329
0.080882
0.080436
0.079990
0.079543
0.079097
0.078651
0.078204
0.077758
0.077312
0.076865
0.076419
0.075973
0.075526
0.075080
0.074634
0.074187
0.073741
0.073295
0.072848
0.072402
0.071956
0.071509
0.071063
0.070617
0.070170
0.069724
0.069278
0.068831
0.068385
0.067939
0.067493
0.067046
0.066600
0.066154
0.065707
0.065261
0.064815
0.064368
0.063922
0.063476
0.063029
0.062583
0.062137
0.061690
0.061244
0.060798
0.060351
0.059905
0.059459
0.059012
0.058566
0.058120
0.057673
0.057227
0.056781
0.056334
0.055888
0.055442
0.054995
0.054549
0.054103
0.053656
0.053210
0.052764
0.052317
0.051871
0.051425
0.050979
0.050532
0.050086
0.049640
0.049193
0.048747
0.048301
0.047854
0.047408
0.047139
0.046881
0.046623
0.046365
0.046107
0.045848
0.045590
0.045332
0.045074
0.044816
0.044558
0.044299
0.044041
0.043783
0.043525
0.043267
0.043008
0.042750
0.042492
0.042234
0.041976
0.041717
0.041459
0.041201
0.040943
0.040685
0.040426
0.040168
0.039910
0.039652
0.039394
0.039135
0.038877
0.038619
0.038361
0.038103
0.037844
0.037586
0.037328
0.037070
0.036812
0.036554
0.036295
0.036037
0.035779
0.035521
0.035263
0.035004
0.034746
0.034488
0.034230
0.033972
0.033713
0.033455
0.033197
0.032939
0.032681
0.032422
0.032164
0.031906
0.031648
0.031390
0.031131
0.030873
0.030615
0.030357
0.030099
0.029840
0.029582
0.029324
0.029066
0.028808
0.028550
0.028291
0.028033
0.027775
0.027517
0.027259
0.027000
0.026742
0.026732
0.026736
0.026740
0.026744
0.026748
0.026752
0.026756
0.026760
0.026764
0.026768
0.026772
0.026776
0.026780
0.026784
0.026788
0.026792
0.026796
0.026800
0.026804
0.026808
0.026812
0.026816
0.026820
0.026824
0.026828
0.026832
0.026837
0.026841
0.026845
0.026849
0.026853
0.026857
0.026861
0.026865
0.026869
0.026873
0.026877
0.026881
0.026885
0.026889
0.026893
0.026897
0.026901
0.026905
0.026909
0.026913
0.026917
0.026921
0.026925
0.026929
0.026933
0.026937
0.026941
0.026945
0.026949
0.026953
0.026957
0.026961
0.026965
0.026969
0.026973
0.026977
0.026981
0.026985
0.026989
0.026993
0.026997
0.027002
0.027006
0.027010
0.027014
0.027018
0.027022
0.027026
0.027030
0.027034
0.027038
0.027042
0.027046
0.027050
0.027003
0.026952
0.026902
0.026852
0.026801
0.026751
0.026701
0.026651
0.026600
0.026550
0.026500
0.026450
0.026399
0.026349
0.026299
0.026249
0.026198
0.026148
0.026098
0.026047
0.025997
0.025947
0.025897
0.025846
0.025796
0.025746
0.025696
0.025645
0.025595
0.025545
0.025495
0.025444
0.025394
0.025344
0.025294
0.025243
0.025193
0.025143
0.025092
0.025042
0.024992
0.024942
0.024891
0.024841
0.024791
0.024741
0.024690
0.024640
0.024590
0.024540
0.024489
0.024439
0.024389
0.024338
0.024288
0.024238
0.024188
0.024137
0.024087
0.024037
0.023987
0.023936
0.023886
0.023836
0.023786
0.023735
0.023685
0.023635
0.023585
0.023534
0.023484
0.023434
0.023383
0.023333
0.023283
0.023233
0.023182
0.023132
0.023082
0.023032
0.023079
0.023131
0.023184
0.023236
0.023289
0.023341
0.023394
0.023447
0.023499
0.023552
0.023604
0.023657
0.023709
0.023762
0.023815
0.023867
0.023920
0.023972
0.024025
0.024077
0.024130
0.024183
0.024235
0.024288
0.024340
0.024393
0.024445
0.024498
0.024551
0.024603
0.024656
0.024708
0.024761
0.024813
0.024866
0.024919
0.024971
0.025024
0.025076
0.025129
0.025181
0.025234
0.025287
0.025339
0.025392
0.025444
0.025497
0.025549
0.025602
0.025655
0.025707
0.025760
0.025812
0.025865
0.025917
0.025970
0.026023
0.026075
0.026128
0.026180
0.026233
0.026285
0.026338
0.026391
0.026443
0.026496
0.026548
0.026601
0.026653
0.026706
0.026759
0.026811
0.026864
0.026916
0.026969
0.027021
0.027074
0.027127
0.027179
0.027232
0.027251
0.027268
0.027286
0.027303
0.027320
0.027338
0.027355
0.027372
0.027390
0.027407
0.027424
0.027441
0.027459
0.027476
0.027493
0.027511
0.027528
0.027545
0.027563
0.027580
0.027597
0.027615
0.027632
0.027649
0.027667
0.027684
0.027701
0.027719
0.027736
0.027753
0.027770
0.027788
0.027805
0.027822
0.027840
0.027857
0.027874
0.027892
0.027909
0.027926
0.027944
0.027961
0.027978
0.027996
0.028013
0.028030
0.028048
0.028065
0.028082
0.028099
0.028117
0.028134
0.028151
0.028169
0.028186
0.028203
0.028221
0.028238
0.028255
0.028273
0.028290
0.028307
0.028325
0.028342
0.028359
0.028377
0.028394
0.028411
0.028428
0.028446
0.028463
0.028480
0.028498
0.028515
0.028532
0.028550
0.028567
0.028584
0.028602
0.028661
0.028720
0.028779
0.028839
0.028898
0.028957
0.029017
0.029076
0.029135
0.029194
0.029254
0.029313
0.029372
0.029431
0.029491
0.029550
0.029609
0.029669
0.029728
0.029787
0.029846
0.029906
0.029965
0.030024
0.030084
0.030143
0.030202
0.030261
0.030321
0.030380
0.030439
0.030498
0.030558
0.030617
0.030676
0.030736
0.030795
0.030854
0.030913
0.030973
0.031032
0.031091
0.031151
0.031210
0.031269
0.031328
0.031388
0.031447
0.031506
0.031565
0.031625
0.031684
0.031743
0.031803
0.031862
0.031921
0.031980
0.032040
0.032099
0.032158
0.032218
0.032277
0.032336
0.032395
0.032455
0.032497
0.032513
0.032530
0.032546
0.032563
0.032579
0.032596
0.032612
0.032629
0.032645
0.032662
0.032679
0.032695
0.032712
0.032728
0.032745
0.032761
0.032778
0.032794
0.032811
0.032828
0.032844
0.032861
0.032877
0.032894
0.032910
0.032927
0.032943
0.032960
0.032976
0.032993
0.033010
0.033026
0.033043
0.033059
0.033076
0.033092
0.033109
0.033125
0.033142
0.033158
0.033175
0.033192
0.033208
0.033225
0.033241
0.033258
0.033274
0.033291
0.033307
0.033210
0.033097
0.032984
0.032871
0.032758
0.032646
0.032533
0.032420
0.032307
0.032194
0.032081
0.031968
0.031855
0.031742
0.031630
0.031517
0.031404
0.031291
0.031178
0.031065
0.030952
0.030839
0.030726
0.030614
0.030501
0.030388
0.030275
0.030162
0.030049
0.029936
0.029823
0.029711
0.029598
0.029485
0.029372
0.029259
0.029146
0.029033
0.028920
0.028807
0.028695
0.028582
0.028640
0.028998
0.029356
0.029714
0.030071
0.030429
0.030787
0.031145
0.031503
0.031861
0.032219
0.032577
0.032934
0.033292
0.033650
0.034008
0.034366
0.034724
0.035082
0.035439
0.035797
0.036155
0.036513
0.036871
0.037229
0.037587
0.037944
0.038302
0.038660
0.039018
0.039376
0.039734
0.040092
0.040450
0.040807
0.041165
0.041226
0.040955
0.040684
0.040414
0.040143
0.039872
0.039602
0.039331
0.039060
0.038790
0.038519
0.038248
0.037978
0.037707
0.037436
0.037166
0.036895
0.036624
0.036354
0.036083
0.035812
0.035542
0.035271
0.035000
0.034730
0.034459
0.034188
0.033918
0.033647
0.033376
0.033175
0.033249
0.033323
0.033398
0.033472
0.033546
0.033620
0.033695
0.033769
0.033843
0.033918
0.033992
0.034066
0.034141
0.034215
0.034289
0.034363
0.034438
0.034512
0.034586
0.034661
0.034735
0.034809
0.034884
0.034958
0.035032
0.035442
0.035925
0.036408
0.036891
0.037374
0.037857
0.038340
0.038823
0.039306
0.039788
0.040271
0.040754
0.041237
0.041720
0.042203
0.042686
0.043169
0.043652
0.044135
0.044618
0.045101
0.045377
0.045448
0.045518
0.045589
0.045660
0.045731
0.045802
0.045873
0.045944
0.046014
0.046085
0.046156
0.046227
0.046298
0.046369
0.046440
0.046511
0.046581
0.046652
0.047540
0.048740
0.049940
0.051139
0.052339
0.053539
0.054739
0.055939
0.057139
0.058338
0.059538
0.060738
0.061938
0.063138
0.064337
0.065537
0.066737
0.066811
0.066884
0.066958
0.067031
0.067105
0.067178
0.067252
0.067325
0.067398
0.067472
0.067545
0.067619
0.067692
0.067766
0.068148
0.069780
0.071413
0.073045
0.074677
0.076310
0.077942
0.079574
0.081207
0.082839
0.084472
0.086104
0.087736
0.089378
0.091075
0.092772
0.094470
0.096167
0.097864
0.099562
0.101259
0.102956
0.104654
0.106351
0.108048
0.109906
0.112462
0.115019
0.117575
0.120132
0.122688
0.125245
0.127801
0.130357
0.132914
0.135470
0.137917
0.139320
0.140724
0.142127
0.143531
0.144934
0.146338
0.147741
0.149145
0.150548
0.151952
0.152463
0.152564
0.152666
0.152768
0.152870
0.152972
0.153073
0.153175
0.153277
0.153379
0.154697
0.156151
0.157605
0.159060
0.160514
0.161968
0.163422
0.164876
0.166331
0.168040
0.169780
0.171519
0.173258
0.174998
0.176737
0.178476
0.180216
0.181192
0.181437
0.181681
0.181926
0.182171
0.182415
0.182660
0.182904
0.185650
0.191289
0.196928
0.202568
0.208207
0.213846
0.219485
0.225125
0.226736
0.227977
0.229217
0.230458
0.231698
0.232939
0.234179
0.233890
0.233025
0.232160
0.231294
0.230429
0.229564
0.228699
0.229121
0.229772
0.230423
0.231074
0.231725
0.232375
0.232897
0.233021
0.233144
0.233268
0.233391
0.233515
0.233639
0.235663
0.237750
0.239836
0.241923
0.244009
0.246096
0.247458
0.248726
0.249993
0.251261
0.252528
0.253699
0.253875
0.254051
0.254228
0.253517
0.252016
0.250514
0.249012
0.255382
0.261910
0.268438
0.271430
0.270400
0.269370
0.268859
0.275647
0.282434
0.289222
0.294275
0.298807
0.303340
0.308245
0.313486
0.318727
0.322303
0.322769
0.323236
0.323948
0.325707
0.327467
0.328290
0.321827
0.315364
0.309521
0.310592
0.311663
0.312734
0.315734
0.318747
0.321760
0.320642
0.319252
0.317861
0.316728
0.315611
0.314547
0.315890
0.317233
0.320438
0.332365
0.344291
0.347491
0.339394
0.331296
0.331940
0.336344
0.340696
0.343634
0.346571
0.352075
0.361239
0.370403
0.373272
0.375184
0.374990
0.370647
0.366303
0.374388
0.384187
0.395140
0.407555
0.419924
0.431118
0.442311
0.441550
0.435831
0.434636
0.439904
0.446585
0.464476
0.482367
0.484191
0.482393
0.486640
0.496227
0.506727
0.519721
0.532361
0.518159
0.503956
0.503020
0.504787
0.514531
0.529110
0.540332
0.547125
0.554030
0.561344
0.568405
0.557170
0.545936
0.530206
0.513423
0.527160
0.560881
0.592347
0.620450
0.637561
0.613239
0.590558
0.585487
0.580416
0.604966
0.633789
0.626531
0.601259
0.600745
0.632285
0.655132
0.650738
0.646294
0.629370
0.612446
0.626123
0.649711
0.656052
0.644788
0.635166
0.631632
0.628099
0.619406
0.610291
0.617458
0.636409
0.642970
0.618777
0.595135
0.615000
0.634864
0.648279
0.659431
0.642457
0.592481
0.551100
0.551902
0.552704
0.544193
0.533569
0.524221
0.516251
0.509920
0.518546
0.527171
0.498703
0.455993
0.428412
0.430237
0.432062
0.422088
0.411732
0.402436
0.393773
0.385988
0.380627
0.375265
0.364113
0.352560
0.347620
0.347721
0.346763
0.341403
0.336042
0.336068
0.337270
0.333947
0.324793
0.316158
0.313973
0.311788
0.314554
0.319442
0.320618
0.314018
0.307417
0.300174
0.292858
0.290957
0.294315
0.296987
0.294933
0.292879
0.296104
0.300691
0.298742
0.286735
0.274729
0.283296
0.293036
0.292844
0.283497
0.274719
0.273948
0.273177
0.270191
0.265536
0.261403
0.264439
0.267474
0.270444
0.273358
0.276272
0.275484
0.274677
0.276143
0.281195
0.286247
0.291628
0.297100
0.301330
0.296389
0.291448
0.292483
0.302160
0.311836
0.313354
0.311496
0.309638
0.316834
0.324433
0.330106
0.328018
0.325930
0.324322
0.323684
0.323046
0.326477
0.334735
0.342994
0.349166
0.352871
0.356575
0.357653
0.353542
0.349430
0.344656
0.336279
0.327901
0.319524
0.327706
0.338946
0.350186
0.354689
0.352026
0.349363
0.348459
0.363809
0.379159
0.394509
0.403929
0.409323
0.414716
0.420245
0.428476
0.436706
0.444937
0.447140
0.440805
0.434470
0.428135
0.424481
0.422334
0.420187
0.418040
0.417750
0.417570
0.417389
0.417154
0.415444
0.413734
0.412024
0.410315
0.409916
0.409584
0.409252
0.408920
0.409625
0.411147
0.412668
0.414190
0.416419
0.423278
0.430137
0.436995
0.443854
0.450875
0.458067
0.465260
0.472453
0.479645
0.477847
0.474090
0.470333
0.466576
0.462818
0.462057
0.461675
0.461293
0.460911
0.460529
0.464345
0.469286
0.474227
0.479168
0.484108
0.486948
0.487302
0.487655
0.488008
0.488361
0.488718
0.489424
0.490130
0.490836
0.491542
0.492248
0.497265
0.510424
0.523584
0.536743
0.549902
0.562520
0.562602
0.562684
0.562766
0.562849
0.562931
0.564495
0.569463
0.574432
0.579400
0.584369
0.589337
0.594212
0.596671
0.599129
0.601588
0.604046
0.606505
0.608963
0.610724
0.608873
0.607023
0.605173
0.603323
0.601472
0.599622
0.597951
0.598191
0.598431
0.598671
0.598911
0.599151
0.599391
0.599631
0.604904
0.610719
0.616534
0.622349
0.628164
0.633978
0.639793
0.644696
0.646961
0.649226
0.651491
0.653755
0.656020
0.658285
0.660550
0.667347
0.677022
0.686696
0.696371
0.706045
0.715720
0.725394
0.734714
0.734330
0.733947
0.733563
0.733179
0.732796
0.732412
0.732028
0.731645
0.729638
0.727420
0.725203
0.722985
0.720768
0.718550
0.716332
0.714115
0.708163
0.700225
0.692287
0.684349
0.676410
0.668472
0.660534
0.652596
0.645985
0.649556
0.653128
0.656700
0.660272
0.663844
0.667416
0.670987
0.674559
0.678186
0.688583
0.698979
0.709376
0.719773
0.730170
0.740567
0.750964
0.761361
0.771757
0.778094
0.782632
0.787171
0.791709
0.796247
0.800786
0.805324
0.809862
0.814401
0.818939
0.820669
0.822384
0.824099
0.825815
0.827530
0.829245
0.830960
0.832676
0.834391
0.838527
0.853645
0.868764
0.883882
0.899000
0.914119
0.929237
0.944356
0.959474
0.974592
0.988207
0.989834
0.991461
0.993088
0.994715
0.996342
0.997969
0.999597
1.001224
1.002851
1.004705
1.014473
1.024240
1.034007
1.043774
1.053541
1.063308
1.073075
1.082843
1.092610
1.102377
1.107019
1.105612
1.104204
1.102796
1.101389
1.099981
1.098573
1.097166
1.095758
1.094350
1.092943
1.092180
1.094622
1.097063
1.099504
1.101945
1.104387
1.106828
1.109269
1.111710
1.114151
1.116593
1.119034
1.118756
1.114045
1.109334
1.104623
1.099913
1.095202
1.090491
1.085780
1.081069
1.076359
1.071648
1.066937
1.062226
1.066743
1.075484
1.084224
1.092965
1.101706
1.110446
1.119187
1.127928
1.136669
1.145409
1.154150
1.162891
1.171632
1.173179
1.171269
1.169359
1.167450
1.165540
1.163630
1.161720
1.159811
1.157901
1.155991
1.154081
1.152172
1.150262
1.152163
1.154875
1.157587
1.160300
1.163012
1.165724
1.168436
1.171149
1.173861
1.176573
1.179285
1.181998
1.184580
1.186363
1.188147
1.189931
1.191714
1.193498
1.195281
1.197065
1.198849
1.200632
1.202416
1.204200
1.205983
1.205591
1.204003
1.202414
1.200825
1.199237
1.197648
1.196059
1.194471
1.192882
1.191294
1.189705
1.188116
1.188152
1.192067
1.195981
1.199895
1.203809
1.207723
1.211637
1.215551
1.219465
1.223379
1.227293
1.231207
1.234704
1.233174
1.231645
1.230115
1.228586
1.227056
1.225527
1.223998
1.222468
1.220939
1.219409
1.217880
1.216350
1.221417
1.227655
1.233894
1.240132
1.246371
1.252609
1.258848
1.265087
1.271325
1.277564
1.283802
1.290041
1.288797
1.284279
1.279761
1.275242
1.270724
1.266206
1.261688
1.257170
1.252652
1.248134
1.243616
1.239098
1.235635
1.233083
1.230531
1.227978
1.225426
1.222874
1.220322
1.217769
1.215217
1.212665
1.210112
1.207560
1.207066
1.211838
1.216609
1.221380
1.226151
1.230922
1.235693
1.240465
1.245236
1.250007
1.254778
1.259549
1.264321
1.265584
1.265959
1.266333
1.266708
1.267082
1.267457
1.267832
1.268206
1.268581
1.268955
1.269330
1.269705
1.270032
1.269350
1.268667
1.267985
1.267302
1.266620
1.265937
1.265255
1.264572
1.263890
1.263208
1.262525
1.261843
1.261136
1.257811
1.254485
1.251159
1.247833
1.244508
1.241182
1.237856
1.234530
1.231204
1.227879
1.224553
1.221227
1.217901
1.218225
1.220543
1.222862
1.225180
1.227499
1.229817
1.232136
1.234454
1.236773
1.239091
1.241410
1.243728
1.246047
1.248365
1.243048
1.236319
1.229589
1.222859
1.216130
1.209400
1.202670
1.195941
1.189211
1.182481
1.175751
1.169022
1.162292
1.155562
1.151904
1.152024
1.152144
1.152264
1.152383
1.152503
1.152623
1.152743
1.152862
1.152982
1.153102
1.153222
1.153341
1.153461
1.153581
1.153318
1.152225
1.151131
1.150037
1.148943
1.147849
1.146755
1.145661
1.144567
1.143473
1.142379
1.141285
1.140191
1.139097
1.138003
1.137576
1.138326
1.139075
1.139824
1.140574
1.141323
1.142072
1.142821
1.143571
1.144320
1.145069
1.145819
1.146568
1.147317
1.148159
1.150215
1.152270
1.154326
1.156381
1.158437
1.160492
1.162547
1.164603
1.166658
1.168714
1.170769
1.172824
1.174880
1.176565
1.177153
1.177741
1.178329
1.178917
1.179505
1.180093
1.180681
1.181269
1.181857
1.182445
1.183033
1.183621
1.184209
1.190950
1.199341
1.207732
1.216123
1.224513
1.232904
1.241295
1.249685
1.258076
1.266467
1.274858
1.283248
1.291639
1.295368
1.295893
1.296419
1.296945
1.297471
1.297997
1.298522
1.299048
1.299574
1.300100
1.300625
1.301151
1.301677
1.305996
1.312775
1.319555
1.326335
1.333114
1.339894
1.346674
1.353453
1.360233
1.367013
1.373793
1.380572
1.387352
1.389663
1.390857
1.392050
1.393244
1.394438
1.395632
1.396826
1.398020
1.399214
1.400408
1.401602
1.402796
1.404210
1.412675
1.421140
1.429605
1.438070
1.446535
1.454999
1.463464
1.471929
1.480394
1.488859
1.497324
1.505789
1.510249
1.504181
1.498114
1.492046
1.485978
1.479911
1.473843
1.467776
1.461708
1.455640
1.449573
1.443505
1.437438
1.441981
1.455348
1.468714
1.482081
1.495447
1.508814
1.522181
1.535547
1.548914
1.562280
1.575647
1.589014
1.602380
1.608470
1.612901
1.617331
1.621761
1.626191
1.630621
1.635052
1.639482
1.643912
1.648342
1.652773
1.657203
1.661480
1.663422
1.665363
1.667305
1.669246
1.671188
1.673129
1.675071
1.677012
1.678953
1.680895
1.682836
1.684778
1.686091
1.683225
1.680359
1.677494
1.674628
1.671762
1.668896
1.666030
1.663165
1.660299
1.657433
1.654567
1.651701
1.648833
1.645797
1.642761
1.639725
1.636689
1.633653
1.630616
1.627580
1.624544
1.621508
1.618472
1.615436
1.612400
1.609364
1.605866
1.602195
1.598524
1.594854
1.591183
1.587512
1.583842
1.580171
1.576501
1.572830
1.569159
1.565489
1.561818
1.558224
1.558213
1.558203
1.558192
1.558181
1.558171
1.558160
1.558150
1.558139
1.558128
1.558118
1.558107
1.558097
1.558086
1.558075
1.550484
1.542340
1.534197
1.526053
1.517909
1.509765
1.501622
1.493478
1.485334
1.477191
1.469047
1.460903
1.452759
1.444616
1.437194
1.431354
1.425514
1.419674
1.413834
1.407994
1.402154
1.396314
1.390474
1.384634
1.378794
1.372954
1.367114
1.361274
1.355434
1.349096
1.342283
1.335469
1.328655
1.321841
1.315027
1.308213
1.301399
1.294586
1.287772
1.280958
1.274144
1.267330
1.260516
1.256098
1.257930
1.259763
1.261595
1.263427
1.265260
1.267092
1.268924
1.270757
1.272589
1.274422
1.276254
1.278086
1.279919
1.281410
1.282519
1.283629
1.284738
1.285848
1.286958
1.288067
1.289177
1.290287
1.291396
1.292506
1.293615
1.294725
1.295840
1.298601
1.301363
1.304125
1.306887
1.309649
1.312411
1.315173
1.317935
1.320697
1.323459
1.326221
1.328983
1.331745
1.336089
1.340933
1.345778
1.350622
1.355466
1.360311
1.365155
1.369999
1.374843
1.379688
1.384532
1.389376
1.394221
1.397339
1.399707
1.402074
1.404442
1.406809
1.409177
1.411544
1.413912
1.416279
1.418646
1.421014
1.423381
1.425749
1.426874
1.427504
1.428133
1.428762
1.429391
1.430020
1.430649
1.431278
1.431908
1.432537
1.433166
1.433795
1.434424
1.436524
1.439110
1.441695
1.444281
1.446866
1.449452
1.452038
1.454623
1.457209
1.459794
1.462380
1.464965
1.467551
1.473870
1.481328
1.488787
1.496245
1.503703
1.511162
1.518620
1.526079
1.533537
1.540996
1.548454
1.555912
1.563371
1.567571
1.570183
1.572795
1.575407
1.578019
1.580632
1.583244
1.585856
1.588468
1.591080
1.593693
1.596305
1.598917
1.601543
1.604190
1.606836
1.609483
1.612129
1.614775
1.617422
1.620068
1.622715
1.625361
1.628007
1.630654
1.633300
1.635947
1.643966
1.652791
1.661616
1.670441
1.679265
1.688090
1.696915
1.705740
1.714565
1.723390
1.732214
1.741039
1.749864
1.758689
1.767335
1.775967
1.784599
1.793231
1.801864
1.810496
1.819128
1.827760
1.836392
1.845025
1.853657
1.862289
1.870921
1.879553
1.890065
1.902113
1.914161
1.926209
1.938257
1.950304
1.962352
1.974400
1.986448
1.998496
2.010544
2.022592
2.034640
2.046687
2.058735
2.070155
2.080968
2.091782
2.102595
2.113408
2.124222
2.135035
2.145849
2.156662
2.167475
2.178289
2.189102
2.199916
2.210729
2.221543
2.232356
2.246353
2.261923
2.277494
2.293064
2.308635
2.324205
2.339776
2.355346
2.370917
2.386487
2.402058
2.417628
2.433199
2.448770
2.464340
2.480672
2.500338
2.520003
2.539669
2.559334
2.579000
2.598665
2.618331
2.637996
2.657661
2.677327
2.696992
2.716658
2.736323
2.755989
2.777520
2.801868
2.826215
2.850563
2.874910
2.899258
2.923605
2.947953
2.972300
2.996648
3.020995
3.045343
3.069690
3.094038
3.117967
3.139861
3.161756
3.183650
3.205544
3.227439
3.249333
3.271228
3.293122
3.315016
3.336911
3.358805
3.380700
3.402594
3.430822
3.469542
3.508263
3.546983
3.585703
3.624424
3.663144
3.701864
3.740585
3.779305
3.818025
3.856746
3.895466
3.934187
3.956856
3.977259
3.997663
4.018066
4.038470
4.058873
4.079277
4.099681
4.120084
4.140488
4.160891
4.181295
4.201698
4.234499
4.276424
4.318349
4.360275
4.402200
4.444125
4.486050
4.527976
4.569901
4.611826
4.653751
4.695677
4.737602
4.780927
4.826224
4.871522
4.916819
4.962116
5.007413
5.052710
5.098007
5.143304
5.188601
5.233898
5.279195
5.324492
5.360877
5.378179
5.395482
5.412784
5.430087
5.447390
5.464692
5.481995
5.499298
5.516600
5.533903
5.551205
5.568508
5.588559
5.617362
5.646166
5.674969
5.703773
5.732577
5.761380
5.790184
5.818988
5.847791
5.876595
5.905398
5.934202
5.958777
5.945109
5.931441
5.917774
5.904106
5.890438
5.876770
5.863102
5.849434
5.835766
5.822099
5.808431
5.794763
5.781095
5.792133
5.808356
5.824580
5.840804
5.857028
5.873251
5.889475
5.905699
5.921923
5.938146
5.954370
5.970594
5.986818
5.992201
5.976050
5.959899
5.943748
5.927596
5.911445
5.895294
5.879143
5.862992
5.846840
5.830689
5.814538
5.798387
5.782236
5.775607
5.777100
5.778594
5.780088
5.781582
5.783076
5.784570
5.786064
5.787558
5.789052
5.790546
5.792040
5.793534
5.795028
5.782649
5.737395
5.692141
5.646887
5.601633
5.556380
5.511126
5.465872
5.420618
5.375364
5.330110
5.284857
5.239603
5.194349
5.149095
5.118240
5.100280
5.082321
5.064361
5.046402
5.028443
5.010483
4.992524
4.974564
4.956605
4.938645
4.920686
4.902726
4.884767
4.866808
4.848298
4.815580
4.782862
4.750143
4.717425
