0.655727
0.655727
0.655727
0.655727
0.655727
0.655727
0.655727
0.655727
0.655727
0.655727
0.655727
0.655727
0.655727
0.655727
0.655727
0.655727
0.655727
0.655727
0.655727
0.655727
0.655727
0.655727
0.655727
0.655727
0.655727
0.655727
0.655727
0.655727
0.655727
0.655727
0.655727
0.655727
0.655727
0.655727
0.655727
0.655727
0.655727
0.655727
0.655727
0.655727
0.655727
0.655727
0.655727
0.655727
0.655727
0.655727
0.655727
0.655727
0.655727
0.655727
0.655727
0.655727
0.655727
0.655727
0.655727
0.655727
0.655727
0.655727
0.655727
0.655727
0.655727
0.655727
0.655727
0.655727
0.655727
0.655727
0.655727
0.655727
0.655727
0.649566
0.643049
0.636532
0.630015
0.623497
0.616980
0.610463
0.603946
0.597429
0.590912
0.584395
0.577878
0.571361
0.564844
0.558326
0.551809
0.545292
0.538775
0.532258
0.525741
0.519224
0.512707
0.506190
0.499673
0.493156
0.486638
0.480121
0.473604
0.467087
0.460570
0.454053
0.447536
0.441019
0.434502
0.427985
0.421468
0.414950
0.408433
0.401916
0.395399
0.388882
0.382365
0.375848
0.369331
0.362814
0.356297
0.349779
0.343262
0.336745
0.330228
0.323711
0.317194
0.310677
0.304160
0.297643
0.291126
0.284609
0.278091
0.271574
0.265057
0.258540
0.252023
0.245506
0.238989
0.232472
0.225955
0.219438
0.212921
0.206403
0.199886
0.193369
0.186852
0.180335
0.173818
0.167301
0.160784
0.154267
0.147750
0.141232
0.134715
0.133642
0.132884
0.132125
0.131367
0.130608
0.129849
0.129091
0.128332
0.127574
0.126815
0.126057
0.125298
0.124539
0.123781
0.123022
0.122264
0.121505
0.120747
0.119988
0.119229
0.118471
0.117712
0.116954
0.116195
0.115437
0.114678
0.113919
0.113161
0.112402
0.111644
0.110885
0.110126
0.109368
0.108609
0.107851
0.107092
0.106334
0.105575
0.104816
0.104058
0.103299
0.102541
0.101782
0.101024
0.100265
0.099506
0.098748
0.097989
0.097231
0.096472
0.095714
0.094955
0.094196
0.093438
0.092679
0.091921
0.091162
0.090404
0.089645
0.088886
0.088128
0.087369
0.086611
0.085852
0.085094
0.084335
0.083576
0.082818
0.082059
0.081301
0.080542
0.079784
0.079025
0.078266
0.077508
0.076749
0.075991
0.075232
0.074473
0.073715
0.073338
0.072984
0.072629
0.072274
0.071920
0.071565
0.071211
0.070856
0.070501
0.070147
0.069792
0.069438
0.069083
0.068728
0.068374
0.068019
0.067665
0.067310
0.066955
0.066601
0.066246
0.065892
0.065537
0.065182
0.064828
0.064473
0.064119
0.063764
0.063409
0.063055
0.062700
0.062346
0.061991
0.061636
0.061282
0.060927
0.060573
0.060218
0.059863
0.059509
0.059154
0.058800
0.058445
0.058091
0.057736
0.057381
0.057027
0.056672
0.056318
0.055963
0.055608
0.055254
0.054899
0.054545
0.054190
0.053835
0.053481
0.053126
0.052772
0.052417
0.052062
0.051708
0.051353
0.050999
0.050644
0.050289
0.049935
0.049580
0.049226
0.048871
0.048516
0.048162
0.047807
0.047453
0.047098
0.046743
0.046389
0.046034
0.045680
0.045325
0.045119
0.044922
0.044724
0.044527
0.044329
0.044132
0.043935
0.043737
0.043540
0.043342
0.043145
0.042948
0.042750
0.042553
0.042355
0.042158
0.041961
0.041763
0.041566
0.041368
0.041171
0.040974
0.040776
0.040579
0.040381
0.040184
0.039987
0.039789
0.039592
0.039395
0.039197
0.039000
0.038802
0.038605
0.038408
0.038210
0.038013
0.037815
0.037618
0.037421
0.037223
0.037026
0.036828
0.036631
0.036434
0.036236
0.036039
0.035841
0.035644
0.035447
0.035249
0.035052
0.034854
0.034657
0.034460
0.034262
0.034065
0.033867
0.033670
0.033473
0.033275
0.033078
0.032880
0.032683
0.032486
0.032288
0.032091
0.031894
0.031696
0.031499
0.031301
0.031104
0.030907
0.030709
0.030512
0.030314
0.030117
0.029920
0.029722
0.029525
0.029485
0.029453
0.029422
0.029391
0.029360
0.029329
0.029298
0.029267
0.029236
0.029204
0.029173
0.029142
0.029111
0.029080
0.029049
0.029018
0.028987
0.028955
0.028924
0.028893
0.028862
0.028831
0.028800
0.028769
0.028738
0.028706
0.028675
0.028644
0.028613
0.028582
0.028551
0.028520
0.028489
0.028457
0.028426
0.028395
0.028364
0.028333
0.028302
0.028271
0.028239
0.028208
0.028177
0.028146
0.028115
0.028084
0.028053
0.028022
0.027990
0.027959
0.027928
0.027897
0.027866
0.027835
0.027804
0.027773
0.027741
0.027710
0.027679
0.027648
0.027617
0.027586
0.027555
0.027524
0.027492
0.027461
0.027430
0.027399
0.027368
0.027337
0.027306
0.027275
0.027243
0.027212
0.027181
0.027150
0.027119
0.027088
0.027057
0.027026
0.027051
0.027080
0.027108
0.027137
0.027166
0.027194
0.027223
0.027252
0.027280
0.027309
0.027338
0.027366
0.027395
0.027424
0.027452
0.027481
0.027510
0.027538
0.027567
0.027596
0.027624
0.027653
0.027682
0.027711
0.027739
0.027768
0.027797
0.027825
0.027854
0.027883
0.027911
0.027940
0.027969
0.027997
0.028026
0.028055
0.028083
0.028112
0.028141
0.028169
0.028198
0.028227
0.028255
0.028284
0.028313
0.028341
0.028370
0.028399
0.028427
0.028456
0.028485
0.028513
0.028542
0.028571
0.028600
0.028628
0.028657
0.028686
0.028714
0.028743
0.028772
0.028800
0.028829
0.028858
0.028886
0.028915
0.028944
0.028972
0.029001
0.029030
0.029058
0.029087
0.029116
0.029144
0.029173
0.029202
0.029230
0.029259
0.029288
0.029316
0.029244
0.029165
0.029087
0.029009
0.028930
0.028852
0.028773
0.028695
0.028616
0.028538
0.028460
0.028381
0.028303
0.028224
0.028146
0.028067
0.027989
0.027911
0.027832
0.027754
0.027675
0.027597
0.027518
0.027440
0.027362
0.027283
0.027205
0.027126
0.027048
0.026969
0.026891
0.026813
0.026734
0.026656
0.026577
0.026499
0.026420
0.026342
0.026264
0.026185
0.026107
0.026028
0.025950
0.025871
0.025793
0.025715
0.025636
0.025558
0.025479
0.025401
0.025322
0.025244
0.025166
0.025087
0.025009
0.024930
0.024852
0.024773
0.024695
0.024616
0.024538
0.024460
0.024381
0.024303
0.024224
0.024146
0.024067
0.023989
0.023911
0.023832
0.023754
0.023675
0.023597
0.023518
0.023440
0.023362
0.023283
0.023205
0.023126
0.023048
0.023134
0.023230
0.023326
0.023421
0.023517
0.023613
0.023708
0.023804
0.023900
0.023996
0.024091
0.024187
0.024283
0.024379
0.024474
0.024570
0.024666
0.024762
0.024857
0.024953
0.025049
0.025144
0.025240
0.025336
0.025432
0.025527
0.025623
0.025719
0.025815
0.025910
0.026006
0.026102
0.026197
0.026293
0.026389
0.026485
0.026580
0.026676
0.026772
0.026868
0.026963
0.027059
0.027155
0.027250
0.027346
0.027442
0.027538
0.027633
0.027729
0.027825
0.027921
0.028016
0.028112
0.028208
0.028303
0.028399
0.028495
0.028591
0.028686
0.028782
0.028878
0.028974
0.029069
0.029165
0.029261
0.029356
0.029452
0.029548
0.029644
0.029739
0.029835
0.029931
0.030027
0.030122
0.030218
0.030314
0.030409
0.030500
0.030510
0.030519
0.030529
0.030539
0.030549
0.030558
0.030568
0.030578
0.030587
0.030597
0.030607
0.030617
0.030626
0.030636
0.030646
0.030656
0.030665
0.030675
0.030685
0.030695
0.030704
0.030714
0.030724
0.030733
0.030743
0.030753
0.030763
0.030772
0.030782
0.030792
0.030802
0.030811
0.030821
0.030831
0.030840
0.030850
0.030860
0.030870
0.030879
0.030889
0.030899
0.030909
0.030918
0.030928
0.030938
0.030948
0.030957
0.030967
0.030977
0.030986
0.030996
0.031006
0.031016
0.031025
0.031035
0.031045
0.031055
0.031064
0.031074
0.031084
0.031069
0.030987
0.030905
0.030823
0.030741
0.030658
0.030576
0.030494
0.030412
0.030330
0.030247
0.030165
0.030083
0.030001
0.029918
0.029836
0.029754
0.029672
0.029590
0.029507
0.029425
0.029343
0.029261
0.029179
0.029096
0.029014
0.028932
0.028850
0.028767
0.028685
0.028603
0.028521
0.028439
0.028356
0.028274
0.028192
0.028110
0.028027
0.027945
0.027863
0.027781
0.027699
0.027616
0.027534
0.027452
0.027370
0.027288
0.027205
0.027123
0.027079
0.027152
0.027225
0.027297
0.027370
0.027443
0.027515
0.027588
0.027661
0.027733
0.027806
0.027879
0.027951
0.028024
0.028097
0.028169
0.028242
0.028315
0.028387
0.028460
0.028533
0.028605
0.028678
0.028751
0.028823
0.028896
0.028969
0.029041
0.029114
0.029187
0.029259
0.029332
0.029405
0.029477
0.029550
0.029623
0.029695
0.029768
0.029841
0.029913
0.030152
0.030521
0.030889
0.031257
0.031626
0.031994
0.032362
0.032731
0.033099
0.033467
0.033836
0.034204
0.034572
0.034941
0.035309
0.035677
0.036046
0.036414
0.036783
0.037151
0.037519
0.037888
0.038256
0.038624
0.038993
0.039361
0.039729
0.040098
0.040466
0.040834
0.041203
0.041571
0.041939
0.042116
0.042152
0.042187
0.042223
0.042259
0.042295
0.042331
0.042367
0.042403
0.042439
0.042474
0.042510
0.042546
0.042582
0.042618
0.042654
0.042690
0.042726
0.042762
0.042797
0.042833
0.042869
0.042905
0.042941
0.042977
0.043013
0.043049
0.043085
0.043069
0.042930
0.042791
0.042652
0.042514
0.042375
0.042236
0.042097
0.041958
0.041819
0.041681
0.041542
0.041403
0.041264
0.041125
0.040987
0.040848
0.040709
0.040570
0.040431
0.040292
0.040154
0.040015
0.039876
0.039737
0.039852
0.040002
0.040151
0.040301
0.040451
0.040601
0.040751
0.040901
0.041051
0.041201
0.041351
0.041501
0.041651
0.041801
0.041951
0.042101
0.042251
0.042401
0.042551
0.042701
0.042937
0.043485
0.044034
0.044582
0.045131
0.045680
0.046228
0.046777
0.047325
0.047874
0.048422
0.048971
0.049520
0.050068
0.050617
0.051165
0.051714
0.052434
0.053443
0.054452
0.055461
0.056470
0.057478
0.058487
0.059496
0.060505
0.061514
0.062523
0.063532
0.064540
0.065549
0.066558
0.067567
0.068579
0.069592
0.070604
0.071616
0.072628
0.073640
0.074652
0.075665
0.076677
0.077689
0.078701
0.079713
0.080726
0.081725
0.082505
0.083286
0.084067
0.084847
0.085628
0.086409
0.087189
0.087970
0.088751
0.089531
0.090312
0.091093
0.092459
0.094282
0.096106
0.097929
0.099753
0.101576
0.103400
0.105223
0.107047
0.108870
0.110694
0.112313
0.113602
0.114892
0.116181
0.117470
0.118759
0.120048
0.121338
0.122627
0.123916
0.125532
0.128107
0.130683
0.133259
0.135834
0.138410
0.140986
0.143561
0.146137
0.148712
0.150223
0.151224
0.152224
0.153225
0.154225
0.155226
0.156226
0.157227
0.158228
0.160322
0.162453
0.164584
0.166716
0.168847
0.170978
0.173110
0.175241
0.176899
0.178214
0.179530
0.180845
0.182160
0.183475
0.184791
0.186106
0.185502
0.183503
0.181503
0.179504
0.177505
0.175506
0.173507
0.172127
0.173914
0.175702
0.177489
0.179277
0.181064
0.182852
0.185118
0.190176
0.195234
0.200292
0.205350
0.210408
0.215466
0.216600
0.216620
0.216639
0.216659
0.216678
0.216697
0.217106
0.217818
0.218530
0.219242
0.219954
0.220667
0.224620
0.230671
0.236722
0.242773
0.248825
0.254876
0.251683
0.247462
0.243240
0.239018
0.234796
0.235630
0.243583
0.251537
0.258624
0.254963
0.251302
0.247642
0.248528
0.250233
0.251937
0.245447
0.236879
0.228310
0.233302
0.242062
0.250822
0.253095
0.254142
0.255188
0.261375
0.268111
0.274697
0.278021
0.281346
0.283047
0.280225
0.277403
0.277206
0.278974
0.280742
0.287202
0.294139
0.299879
0.303775
0.305867
0.305923
0.310148
0.317565
0.315807
0.309591
0.313848
0.320850
0.330851
0.330676
0.313041
0.305297
0.303414
0.303930
0.303350
0.294577
0.291601
0.296404
0.301062
0.305573
0.308676
0.308734
0.304383
0.310139
0.317814
0.323052
0.339201
0.361540
0.362655
0.363722
0.364734
0.369844
0.376590
0.385354
0.397863
0.408700
0.416709
0.436801
0.454844
0.468765
0.452137
0.451182
0.463903
0.474479
0.488060
0.496737
0.494123
0.507613
0.515534
0.516040
0.508190
0.505259
0.512293
0.543623
0.590944
0.637739
0.679892
0.703277
0.745836
0.805633
0.888388
0.938925
0.972627
1.034112
1.091235
1.152150
1.270795
1.365854
1.442069
1.541906
1.729465
2.065330
2.502082
2.979768
3.567941
4.231318
5.154326
6.357856
7.960967
9.836242
11.962814
16.076709
22.262833
33.041163
53.051887
76.846789
171.285396
265.724003
318.469841
342.625063
367.296171
401.791807
436.287443
478.564630
531.249976
583.935321
669.647542
774.463084
879.278626
1052.354030
1246.500731
1440.647432
1912.497370
2474.440917
3036.384463
3226.786412
3199.305193
3171.823973
3116.424569
3020.449502
2924.474436
2817.779934
2599.252950
2380.725966
2162.198981
2031.255405
1936.895027
1842.534648
1745.002436
1639.271733
1533.541030
1427.810327
1350.230538
1279.507282
1208.784025
1138.043422
1067.255186
996.466949
925.678713
892.065084
877.828490
863.591897
849.355303
795.670783
741.126608
686.582432
636.659911
605.252967
573.846023
542.439080
512.573036
485.683430
458.793824
431.904218
404.662957
376.917751
349.172545
321.427339
302.112909
296.875846
291.638783
286.401720
278.801002
264.150864
249.500725
234.850587
220.363787
213.964205
207.564623
201.165041
194.765459
186.078364
176.345608
166.612852
156.880096
149.835380
149.010409
148.185439
147.360468
146.535497
141.450353
135.382043
129.313732
123.245421
116.085634
102.703650
89.321667
75.939684
62.557700
50.698517
42.057869
33.417221
24.776573
16.135925
11.132765
9.388513
7.644262
5.900010
4.155759
3.579111
3.132506
2.685902
2.239297
1.830804
1.471146
1.111488
0.751829
0.423346
0.338541
0.253736
0.168931
0.084126
0.069305
0.055477
0.041649
0.029122
0.025156
0.021189
0.017222
0.014443
0.012719
0.010994
0.009412
0.008491
0.007569
0.006655
0.006185
0.005714
0.005247
0.005061
0.004875
0.004691
0.004516
0.004342
0.004215
0.004154
0.004092
0.004320
0.004609
0.005088
0.005821
0.007312
0.011046
0.016798
0.026856
0.039550
0.053731
0.064102
0.075985
0.089263
0.097995
0.107822
0.118989
0.133027
0.147276
0.156502
0.162602
0.164149
0.170834
0.180697
0.191606
0.202908
0.227122
0.252976
0.263291
0.271696
0.266546
0.269346
0.290730
0.309443
0.324771
0.331885
0.333393
0.340576
0.349445
0.362705
0.377551
0.398094
0.422537
0.453502
0.472479
0.482477
0.481436
0.481039
0.498948
0.532863
0.593611
0.604409
0.580411
0.571813
0.568027
0.578508
0.598749
0.635143
0.686009
0.745634
0.726823
0.705541
0.720498
0.739354
0.763103
0.773709
0.779894
0.787083
0.796421
0.809419
0.837284
0.874474
0.863685
0.855398
0.885372
0.899224
0.892955
0.922337
0.965267
0.967035
0.981384
1.026946
1.031012
0.998078
0.989227
0.990870
1.078750
1.134337
1.101049
1.102389
1.135975
1.179458
1.226066
1.242237
1.255511
1.261366
1.259804
1.251098
1.300095
1.358599
1.346107
1.346555
1.375897
1.386447
1.381590
1.453558
1.545414
1.569439
1.595008
1.626306
1.645494
1.649088
1.612769
1.555608
1.564999
1.588808
1.671232
1.746359
1.799199
1.819298
1.797448
1.756739
1.705983
1.861815
2.008648
1.940210
1.885512
1.858674
1.874726
1.934114
1.982982
2.026867
1.992935
1.956060
2.010281
2.051640
2.060600
2.096715
2.162246
2.203950
2.233831
2.150490
2.047349
2.114999
2.177125
2.214967
2.257569
2.308746
2.320556
2.301420
2.302507
2.311268
2.384928
2.455783
2.414400
2.370641
2.319170
2.297788
2.326263
2.332422
2.318720
2.291692
2.257894
2.290015
2.340013
2.353539
2.364020
2.386688
2.389318
2.292214
2.248701
2.344846
2.393878
2.372473
2.363174
2.366169
2.387200
2.420298
2.463292
2.510505
2.436454
2.329117
2.312573
2.308912
2.400077
2.492702
2.544383
2.591301
2.609743
2.610004
2.554456
2.500818
2.450672
2.395866
2.335271
2.359053
2.460947
2.508474
2.519574
2.502529
2.468858
2.463313
2.473184
2.486112
2.500537
2.502239
2.498463
2.494678
2.490888
2.445896
2.388370
2.372258
2.366765
2.406229
2.455800
2.484875
2.509792
2.617136
2.741269
2.791536
2.822879
2.752391
2.649841
2.653042
2.698109
2.873318
3.108944
3.119448
2.998126
3.032254
3.177838
3.317772
3.452383
3.488339
3.398789
3.300624
3.184909
3.117436
3.240986
3.378299
3.744646
4.110994
4.010137
3.855745
4.061247
4.397665
4.479666
4.366846
4.392885
4.632206
4.805941
4.698058
4.590175
4.620538
4.652703
4.961335
5.363553
5.534673
5.446060
5.387015
5.461999
5.536984
5.418998
5.272009
5.295916
5.469899
5.576411
5.415522
5.254632
5.222441
5.212584
5.177145
5.112908
5.057501
5.113435
5.169369
5.236059
5.308939
5.323857
5.087722
4.851587
4.879763
5.025359
5.167414
5.292214
5.417013
5.362385
5.202983
5.060796
5.089001
5.117206
5.146229
5.176085
5.205941
5.162932
5.106090
5.050705
5.003701
4.956697
4.926020
4.916843
4.907665
5.011215
5.164374
5.317533
5.384855
5.446197
5.471887
5.245882
5.019877
4.866811
4.913336
4.959861
5.061700
5.267206
5.472711
5.506484
5.265496
5.024507
4.872690
4.873650
4.874610
4.860245
4.814320
4.768395
4.737377
4.762740
4.788103
4.813262
4.707419
4.601576
4.495734
4.468399
4.472479
4.476559
4.467217
4.436635
4.406053
4.378228
4.377473
4.376718
4.375963
4.317732
4.247177
4.176623
4.186682
4.251437
4.316191
4.358443
4.365796
4.373149
4.351152
4.232172
4.113192
4.000661
3.946227
3.891793
3.837387
3.809459
3.781531
3.753603
3.763574
3.776409
3.789244
3.735794
3.675741
3.615688
3.692264
3.785317
3.878369
3.829471
3.765299
3.701128
3.754903
3.817832
3.880760
3.899515
3.917826
3.934642
3.926762
3.918882
3.907721
3.875264
3.842807
3.823353
3.844096
3.864838
3.860162
3.815622
3.771083
3.746570
3.739538
3.732505
3.749758
3.778447
3.807136
3.849492
3.894279
3.937875
3.882339
3.826804
3.786274
3.806611
3.826948
3.822308
3.778438
3.734569
3.743822
3.789155
3.834488
3.857186
3.875422
3.891770
3.880932
3.870094
3.863305
3.866342
3.869380
3.885906
3.915393
3.944881
3.958618
3.966813
3.975008
4.043047
4.112144
4.156486
4.117080
4.077675
4.036416
3.992984
3.949552
3.954581
3.980299
4.006017
4.003691
3.999498
4.001199
4.032021
4.062843
4.076734
4.065421
4.054108
4.052711
4.057285
4.061858
4.049025
4.033007
4.017766
4.016899
4.016031
4.013009
4.003547
3.994085
3.993177
4.002890
4.012603
4.018604
4.022474
4.026344
4.034343
4.043249
4.052154
4.079223
4.106399
4.138159
4.194791
4.251423
4.278292
4.236668
4.195044
4.151711
4.106193
4.060675
4.031053
4.013824
3.996595
4.030923
4.089482
4.148041
4.157349
4.151798
4.146246
4.166956
4.192913
4.218871
4.218538
4.214764
4.210989
4.149271
4.081237
4.013204
3.999766
3.991816
3.983867
4.006857
4.033642
4.060428
4.075417
4.088336
4.101254
4.151666
4.212405
4.273145
4.248914
4.188275
4.127637
4.118839
4.149878
4.180918
4.203203
4.212895
4.222588
4.236813
4.266693
4.296574
4.326429
4.322858
4.319287
4.315716
4.326771
4.343613
4.360456
4.382711
4.413499
4.444287
4.474854
4.487745
4.500636
4.513528
4.500824
4.468809
4.436794
4.408385
4.425380
4.442375
4.459371
4.462954
4.454270
4.445586
4.436903
4.466419
4.499919
4.533420
4.560237
4.560832
4.561426
4.562020
4.577288
4.613007
4.648726
4.684445
4.693412
4.679807
4.666202
4.652597
4.660446
4.684166
4.707885
4.731605
4.741989
4.745231
4.748473
4.751715
4.741101
4.727203
4.713306
4.701335
4.750685
4.800035
4.849385
4.884471
4.890855
4.897238
4.903621
4.922824
4.947566
4.972307
4.996658
5.018417
5.040177
5.061937
5.093804
5.131830
5.169856
5.200836
5.193346
5.185855
5.178365
5.220969
5.280986
5.341002
5.395936
5.442409
5.488881
5.534139
5.552892
5.571646
5.590400
5.607985
5.625166
5.642347
5.647637
5.640278
5.632919
5.635436
5.666859
5.698282
5.729289
5.752453
5.775618
5.798783
5.816450
5.833323
5.850196
5.859460
5.865759
5.872057
5.865255
5.849386
5.833518
5.846776
5.891272
5.935768
5.976878
6.012818
6.048758
6.074543
6.079463
6.084382
6.102025
6.153393
6.204761
6.260327
6.329628
6.398930
6.457766
6.476984
6.496202
6.503756
6.463732
6.423707
6.407700
6.487341
6.566983
6.626994
6.615589
6.604185
6.604933
6.646960
6.688987
6.725099
6.743931
6.762763
6.784892
6.815017
6.845142
6.860906
6.848008
6.835111
6.850166
6.911499
6.972831
7.010629
7.015850
7.021072
7.046553
7.095681
7.144809
7.164578
7.155114
7.145649
7.142985
7.146101
7.149217
7.166744
7.194891
7.223038
7.228554
7.219454
7.210353
7.235832
7.281008
7.326184
7.382497
7.444460
7.506424
7.533940
7.545737
7.557533
7.569701
7.582030
7.594358
7.602273
7.608287
7.614300
7.608694
7.597775
7.586855
7.602591
7.632313
7.662035
7.708872
7.766235
7.823598
7.849756
7.851979
7.854202
7.868709
7.895729
7.922749
7.942436
7.951336
7.960236
7.971906
7.990293
8.008680
8.023471
8.019147
8.014823
8.010532
8.021156
8.031779
8.042403
8.050757
8.058611
8.066466
8.118243
8.198284
8.278326
8.333789
8.346859
8.359930
8.368296
8.330845
8.293394
8.255944
8.261410
8.278800
8.296190
8.323558
8.363810
8.404062
8.442120
8.440795
8.439470
8.438146
8.461403
8.499369
8.537335
8.562286
8.508121
8.453956
8.399790
8.422090
8.492585
8.563080
8.630874
8.607148
8.583421
8.559694
8.565064
8.618152
8.671240
8.724329
8.747153
8.754539
8.761925
8.769312
8.765240
8.759521
8.753801
8.748054
8.732097
8.716140
8.700183
8.686490
8.723820
8.761150
8.798481
8.835811
8.887346
8.939039
8.990732
9.042424
9.020960
8.996391
8.971821
8.949582
8.993190
9.036799
9.080407
9.128045
9.193222
9.258400
9.323577
9.366172
9.378221
9.390270
9.402319
9.460066
9.534208
9.608350
9.672890
9.668628
9.664367
9.660105
9.685135
9.731059
9.776983
9.825101
9.893753
9.962405
10.031057
10.068327
10.088694
10.109061
10.123986
10.123304
10.122621
10.121938
10.138210
10.156209
10.174208
10.229863
10.309611
10.389359
10.458339
10.507118
10.555897
10.597474
10.583463
10.569451
10.555439
10.594707
10.638275
10.681843
10.730658
10.781090
10.831522
10.857612
10.869284
10.880956
10.894923
10.910990
10.927056
10.931914
10.922182
10.912450
10.942411
11.041763
11.141115
11.202708
11.181067
11.159425
11.165509
11.241839
11.318169
11.373235
11.372200
11.371165
11.407703
11.536985
11.666267
11.734973
11.677990
11.621008
11.581678
11.572374
11.563070
11.577318
11.623505
11.669693
11.692870
11.691767
11.690665
11.730590
11.801684
11.872778
11.909465
11.928897
11.948329
11.980518
12.016321
12.052124
12.064496
12.074234
12.083961
12.093117
12.102274
12.113568
12.137461
12.161354
12.200904
12.281354
12.361804
12.405595
12.396312
12.387030
12.388734
12.399894
12.411053
12.509139
12.653152
12.797164
12.805450
12.772519
12.739587
12.877864
13.040762
13.203659
13.212903
13.218218
13.229375
13.321942
13.414510
13.495857
13.521186
13.546515
13.592706
13.699108
13.805510
13.904528
13.988653
14.072778
14.194891
14.374661
14.554431
14.689683
14.769884
14.850084
14.963049
15.110251
15.257453
15.474695
15.757526
16.040358
16.198825
16.247960
16.297095
16.450469
16.693308
16.936147
17.141394
17.312478
17.483561
17.657832
17.835505
18.013179
18.214151
18.448028
18.681905
18.899960
19.084669
19.269379
19.467822
19.719927
19.972033
20.224410
20.481000
20.737590
20.994179
21.167544
21.331168
21.494792
21.766746
22.087236
22.407726
22.631711
22.738275
22.844839
23.001996
23.393482
23.784969
24.176456
24.335164
24.459368
24.583571
24.803819
25.114520
25.425222
25.743695
26.120275
26.496855
26.873434
27.119666
27.302436
27.485205
27.705710
28.112917
28.520124
28.927331
29.196531
29.373616
29.550701
29.727786
30.079520
30.439430
30.799340
31.177863
31.613728
32.049594
32.485459
32.790492
32.945040
33.099588
33.254137
33.514243
33.845029
34.175816
34.506602
34.923998
35.389471
35.854943
36.320415
36.745301
37.149024
37.552747
37.956470
38.452195
38.977982
39.503770
40.029557
40.665088
41.308456
41.951823
42.560464
43.015764
43.471063
43.926362
44.466449
45.086858
45.707266
46.327675
46.977792
47.630843
48.283893
48.912545
49.499943
50.087340
50.674738
51.160572
51.633487
52.106403
52.713184
53.487551
54.261919
55.030068
55.642196
56.254324
56.866452
57.205094
57.413784
57.622473
58.102748
59.074656
60.046565
60.975464
61.343534
61.711604
62.079675
62.948552
63.923928
64.899304
65.607132
66.142415
66.677698
67.139846
67.499930
67.860013
68.224354
68.601224
68.978094
69.389744
70.060673
70.731603
71.402603
72.102967
72.803330
73.503694
73.826442
74.107442
74.388441
74.885056
75.426243
75.967430
76.395518
76.791130
77.186743
77.426184
77.610535
77.794886
77.878595
77.922203
77.965812
78.364864
78.911687
79.458509
80.151019
80.902622
81.654224
82.043668
82.298134
82.552600
82.463924
82.263951
82.063978
82.052528
82.090944
82.129359
82.589660
83.132760
83.675860
83.573899
83.391920
83.209940
83.154999
83.106801
83.059507
83.084930
83.110353
83.146109
83.310440
83.474770
83.585406
83.356602
83.127798
82.993756
83.266151
83.538547
83.749132
83.770371
83.791610
83.895471
84.190414
84.485357
84.743458
84.934910
85.126361
85.116580
84.813015
84.509450
84.220131
83.948107
83.676083
83.514222
83.466921
83.419620
83.349480
83.258442
83.167403
83.175389
83.265718
83.356047
83.210191
82.879018
82.547845
82.565637
82.852798
83.139958
83.163776
82.977872
82.791969
82.761871
82.866292
82.970713
83.037608
83.067339
83.097071
82.865934
82.317374
81.768814
81.565085
81.923090
82.281094
82.601740
82.830600
83.059461
83.188031
82.821697
82.455363
82.094815
81.910571
81.726328
81.542085
81.456178
81.384922
81.313667
81.339859
81.411440
81.483021
81.624669
81.846781
82.068893
82.141788
81.681627
81.221465
80.761304
80.496396
80.244375
79.992353
79.705603
79.397599
79.089595
78.902193
79.054780
79.207367
79.359953
79.232766
79.060091
78.887416
