0.655727
0.655727
0.655727
0.655727
0.655727
0.655727
0.655727
0.655727
0.655727
0.655727
0.655727
0.655727
0.655727
0.655727
0.655727
0.655727
0.655727
0.655727
0.655727
0.655727
0.655727
0.655727
0.655727
0.655727
0.655727
0.655727
0.655727
0.655727
0.655727
0.655727
0.655727
0.655727
0.655727
0.655727
0.655727
0.655727
0.655727
0.655727
0.655727
0.655727
0.655727
0.655727
0.655727
0.655727
0.655727
0.655727
0.655727
0.655727
0.655727
0.655727
0.655727
0.655727
0.655727
0.655727
0.655727
0.655727
0.655727
0.655727
0.655727
0.655727
0.655727
0.655727
0.655727
0.655727
0.655727
0.655727
0.655727
0.655727
0.655727
0.649733
0.643392
0.637052
0.630711
0.624371
0.618030
0.611690
0.605349
0.599009
0.592668
0.586328
0.579987
0.573647
0.567306
0.560966
0.554625
0.548285
0.541944
0.535604
0.529263
0.522923
0.516582
0.510242
0.503902
0.497561
0.491221
0.484880
0.478540
0.472199
0.465859
0.459518
0.453178
0.446837
0.440497
0.434156
0.427816
0.421475
0.415135
0.408794
0.402454
0.396113
0.389773
0.383432
0.377092
0.370751
0.364411
0.358070
0.351730
0.345389
0.339049
0.332708
0.326368
0.320027
0.313687
0.307346
0.301006
0.294665
0.288325
0.281984
0.275644
0.269303
0.262963
0.256622
0.250282
0.243942
0.237601
0.231261
0.224920
0.218580
0.212239
0.205899
0.199558
0.193218
0.186877
0.180537
0.174196
0.167856
0.161515
0.155175
0.148834
0.147896
0.147270
0.146644
0.146018
0.145392
0.144766
0.144141
0.143515
0.142889
0.142263
0.141637
0.141011
0.140385
0.139759
0.139133
0.138507
0.137881
0.137255
0.136629
0.136003
0.135378
0.134752
0.134126
0.133500
0.132874
0.132248
0.131622
0.130996
0.130370
0.129744
0.129118
0.128492
0.127866
0.127240
0.126614
0.125989
0.125363
0.124737
0.124111
0.123485
0.122859
0.122233
0.121607
0.120981
0.120355
0.119729
0.119103
0.118477
0.117851
0.117226
0.116600
0.115974
0.115348
0.114722
0.114096
0.113470
0.112844
0.112218
0.111592
0.110966
0.110340
0.109714
0.109088
0.108463
0.107837
0.107211
0.106585
0.105959
0.105333
0.104707
0.104081
0.103455
0.102829
0.102203
0.101577
0.100951
0.100325
0.099699
0.099074
0.098448
0.097898
0.097353
0.096808
0.096263
0.095718
0.095173
0.094628
0.094083
0.093538
0.092993
0.092448
0.091903
0.091358
0.090813
0.090268
0.089723
0.089178
0.088633
0.088088
0.087543
0.086998
0.086453
0.085907
0.085362
0.084817
0.084272
0.083727
0.083182
0.082637
0.082092
0.081547
0.081002
0.080457
0.079912
0.079367
0.078822
0.078277
0.077732
0.077187
0.076642
0.076097
0.075552
0.075007
0.074462
0.073917
0.073372
0.072827
0.072282
0.071737
0.071192
0.070647
0.070102
0.069557
0.069011
0.068466
0.067921
0.067376
0.066831
0.066286
0.065741
0.065196
0.064651
0.064106
0.063561
0.063016
0.062471
0.061926
0.061381
0.060836
0.060291
0.059746
0.059201
0.058656
0.058111
0.057566
0.057021
0.056476
0.055931
0.055386
0.054841
0.054516
0.054205
0.053893
0.053581
0.053270
0.052958
0.052646
0.052334
0.052023
0.051711
0.051399
0.051088
0.050776
0.050464
0.050153
0.049841
0.049529
0.049218
0.048906
0.048594
0.048283
0.047971
0.047659
0.047348
0.047036
0.046724
0.046412
0.046101
0.045789
0.045477
0.045166
0.044854
0.044542
0.044231
0.043919
0.043607
0.043296
0.042984
0.042672
0.042361
0.042049
0.041737
0.041426
0.041114
0.040802
0.040490
0.040179
0.039867
0.039555
0.039244
0.038932
0.038620
0.038309
0.037997
0.037685
0.037374
0.037062
0.036750
0.036439
0.036127
0.035815
0.035504
0.035192
0.034880
0.034568
0.034257
0.033945
0.033633
0.033322
0.033010
0.032698
0.032387
0.032075
0.031763
0.031452
0.031140
0.030828
0.030517
0.030205
0.029893
0.029823
0.029767
0.029712
0.029656
0.029600
0.029544
0.029488
0.029432
0.029376
0.029320
0.029264
0.029208
0.029152
0.029096
0.029041
0.028985
0.028929
0.028873
0.028817
0.028761
0.028705
0.028649
0.028593
0.028537
0.028481
0.028425
0.028370
0.028314
0.028258
0.028202
0.028146
0.028090
0.028034
0.027978
0.027922
0.027866
0.027810
0.027755
0.027699
0.027643
0.027587
0.027531
0.027475
0.027419
0.027363
0.027307
0.027251
0.027195
0.027139
0.027084
0.027028
0.026972
0.026916
0.026860
0.026804
0.026748
0.026692
0.026636
0.026580
0.026524
0.026468
0.026413
0.026357
0.026301
0.026245
0.026189
0.026133
0.026077
0.026021
0.025965
0.025909
0.025853
0.025797
0.025742
0.025686
0.025630
0.025574
0.025518
0.025462
0.025406
0.025392
0.025380
0.025368
0.025357
0.025345
0.025333
0.025321
0.025309
0.025298
0.025286
0.025274
0.025262
0.025250
0.025239
0.025227
0.025215
0.025203
0.025192
0.025180
0.025168
0.025156
0.025144
0.025133
0.025121
0.025109
0.025097
0.025086
0.025074
0.025062
0.025050
0.025038
0.025027
0.025015
0.025003
0.024991
0.024979
0.024968
0.024956
0.024944
0.024932
0.024921
0.024909
0.024897
0.024885
0.024873
0.024862
0.024850
0.024838
0.024826
0.024814
0.024803
0.024791
0.024779
0.024767
0.024756
0.024744
0.024732
0.024720
0.024708
0.024697
0.024685
0.024673
0.024661
0.024650
0.024638
0.024626
0.024614
0.024602
0.024591
0.024579
0.024567
0.024555
0.024543
0.024532
0.024520
0.024508
0.024496
0.024485
0.024473
0.024461
0.024459
0.024457
0.024456
0.024454
0.024453
0.024451
0.024450
0.024448
0.024447
0.024445
0.024444
0.024442
0.024441
0.024439
0.024437
0.024436
0.024434
0.024433
0.024431
0.024430
0.024428
0.024427
0.024425
0.024424
0.024422
0.024421
0.024419
0.024418
0.024416
0.024415
0.024413
0.024411
0.024410
0.024408
0.024407
0.024405
0.024404
0.024402
0.024401
0.024399
0.024398
0.024396
0.024395
0.024393
0.024392
0.024390
0.024389
0.024387
0.024386
0.024384
0.024382
0.024381
0.024379
0.024378
0.024376
0.024375
0.024373
0.024372
0.024370
0.024369
0.024367
0.024366
0.024364
0.024363
0.024361
0.024360
0.024358
0.024356
0.024355
0.024353
0.024352
0.024350
0.024349
0.024347
0.024346
0.024344
0.024343
0.024341
0.024340
0.024338
0.024318
0.024297
0.024275
0.024254
0.024233
0.024212
0.024191
0.024169
0.024148
0.024127
0.024106
0.024084
0.024063
0.024042
0.024021
0.024000
0.023978
0.023957
0.023936
0.023915
0.023893
0.023872
0.023851
0.023830
0.023808
0.023787
0.023766
0.023745
0.023724
0.023702
0.023681
0.023660
0.023639
0.023617
0.023596
0.023575
0.023554
0.023533
0.023511
0.023490
0.023469
0.023448
0.023426
0.023405
0.023384
0.023363
0.023341
0.023320
0.023299
0.023278
0.023257
0.023235
0.023214
0.023193
0.023172
0.023150
0.023129
0.023108
0.023087
0.023065
0.023044
0.023023
0.023002
0.022981
0.022959
0.022938
0.022917
0.022896
0.022874
0.022853
0.022832
0.022811
0.022790
0.022768
0.022747
0.022726
0.022705
0.022683
0.022662
0.022641
0.022690
0.022743
0.022796
0.022849
0.022902
0.022955
0.023008
0.023061
0.023114
0.023167
0.023220
0.023273
0.023327
0.023380
0.023433
0.023486
0.023539
0.023592
0.023645
0.023698
0.023751
0.023804
0.023857
0.023910
0.023963
0.024016
0.024069
0.024122
0.024175
0.024228
0.024281
0.024335
0.024388
0.024441
0.024494
0.024547
0.024600
0.024653
0.024706
0.024759
0.024812
0.024865
0.024918
0.024971
0.025024
0.025077
0.025130
0.025183
0.025236
0.025289
0.025343
0.025396
0.025449
0.025502
0.025555
0.025608
0.025661
0.025714
0.025767
0.025820
0.025873
0.025926
0.025979
0.026032
0.026085
0.026138
0.026191
0.026244
0.026297
0.026350
0.026404
0.026457
0.026457
0.026444
0.026431
0.026418
0.026405
0.026393
0.026380
0.026367
0.026354
0.026341
0.026329
0.026316
0.026303
0.026290
0.026277
0.026265
0.026252
0.026239
0.026226
0.026214
0.026201
0.026188
0.026175
0.026162
0.026150
0.026137
0.026124
0.026111
0.026098
0.026086
0.026073
0.026060
0.026047
0.026034
0.026022
0.026009
0.025996
0.025983
0.025970
0.025958
0.025945
0.025932
0.025919
0.025906
0.025894
0.025881
0.025868
0.025855
0.025842
0.025830
0.025817
0.025804
0.025791
0.025779
0.025766
0.025753
0.025778
0.025815
0.025852
0.025889
0.025925
0.025962
0.025999
0.026036
0.026073
0.026109
0.026146
0.026183
0.026220
0.026256
0.026293
0.026330
0.026367
0.026404
0.026440
0.026477
0.026514
0.026551
0.026587
0.026624
0.026661
0.026698
0.026735
0.026771
0.026808
0.026845
0.026882
0.026918
0.026955
0.026992
0.027029
0.027066
0.027102
0.027139
0.027176
0.027213
0.027249
0.027286
0.027323
0.027360
0.027397
0.027433
0.027473
0.027513
0.027554
0.027594
0.027635
0.027675
0.027716
0.027757
0.027797
0.027838
0.027878
0.027919
0.027959
0.028000
0.028041
0.028081
0.028122
0.028162
0.028203
0.028244
0.028284
0.028325
0.028365
0.028406
0.028446
0.028487
0.028528
0.028568
0.028609
0.028649
0.028690
0.028730
0.028771
0.028812
0.028852
0.028893
0.028933
0.028974
0.029015
0.029218
0.029453
0.029688
0.029922
0.030157
0.030392
0.030627
0.030861
0.031096
0.031331
0.031566
0.031800
0.032035
0.032270
0.032505
0.032740
0.032974
0.033209
0.033444
0.033679
0.033913
0.034148
0.034383
0.034618
0.034852
0.035087
0.035322
0.035557
0.035791
0.036026
0.036261
0.036496
0.036731
0.036965
0.037089
0.037165
0.037241
0.037318
0.037394
0.037470
0.037546
0.037622
0.037698
0.037774
0.037851
0.037927
0.038003
0.038079
0.038155
0.038231
0.038307
0.038384
0.038460
0.038536
0.038612
0.038688
0.038764
0.038840
0.038916
0.038993
0.039069
0.039145
0.039222
0.039385
0.039549
0.039712
0.039875
0.040038
0.040201
0.040365
0.040528
0.040691
0.040854
0.041017
0.041181
0.041344
0.041507
0.041670
0.041833
0.041997
0.042160
0.042323
0.042486
0.042650
0.042813
0.042976
0.043139
0.043339
0.043759
0.044180
0.044600
0.045021
0.045442
0.045862
0.046283
0.046704
0.047124
0.047545
0.047966
0.048386
0.048807
0.049228
0.049648
0.050069
0.050490
0.050910
0.051331
0.051752
0.052172
0.052771
0.053642
0.054513
0.055385
0.056256
0.057127
0.057999
0.058870
0.059742
0.060613
0.061484
0.062356
0.063227
0.064098
0.064970
0.065841
0.066712
0.067584
0.068455
0.069326
0.070185
0.071045
0.071904
0.072764
0.073623
0.074483
0.075342
0.076202
0.077061
0.077921
0.078780
0.079640
0.080499
0.081359
0.082219
0.083078
0.083938
0.084740
0.085445
0.086149
0.086853
0.087557
0.088262
0.088966
0.089670
0.090374
0.091078
0.091783
0.092487
0.093191
0.093895
0.094600
0.095304
0.097226
0.099520
0.101813
0.104107
0.106400
0.108694
0.110988
0.113281
0.115575
0.117868
0.120162
0.122456
0.124749
0.127043
0.128959
0.130093
0.131228
0.132363
0.133498
0.134633
0.135767
0.136902
0.138037
0.139172
0.140307
0.141441
0.142576
0.143711
0.144894
0.146089
0.147284
0.148480
0.149675
0.150870
0.152065
0.153260
0.154455
0.155650
0.156845
0.158040
0.159496
0.161693
0.163890
0.166087
0.168284
0.170481
0.172678
0.174875
0.177072
0.179269
0.181466
0.183821
0.187918
0.192016
0.196113
0.200211
0.204309
0.208406
0.212504
0.216601
0.220699
0.224797
0.225664
0.223525
0.221387
0.219248
0.217110
0.214971
0.212833
0.210695
0.208556
0.206418
0.207467
0.209788
0.212109
0.214430
0.216751
0.219072
0.221393
0.223714
0.226035
0.227652
0.228707
0.229761
0.230816
0.231871
0.232926
0.233981
0.235036
0.235828
0.235988
0.236147
0.236306
0.236465
0.236624
0.236784
0.236943
0.238834
0.242931
0.247028
0.251124
0.255221
0.259318
0.263415
0.267512
0.272271
0.277039
0.281808
0.286576
0.291344
0.296113
0.300881
0.298873
0.295250
0.291626
0.288002
0.284379
0.280755
0.277132
0.276674
0.276512
0.276350
0.276189
0.276027
0.275865
0.277461
0.280282
0.283103
0.285924
0.288745
0.291566
0.292937
0.292626
0.292314
0.292003
0.294225
0.298133
0.302040
0.305948
0.306124
0.305660
0.305197
0.304754
0.304402
0.304049
0.303696
0.302056
0.299467
0.296878
0.294289
0.308238
0.322315
0.336392
0.344150
0.345198
0.346246
0.347560
0.351965
0.356370
0.360775
0.361198
0.359572
0.357947
0.356510
0.355357
0.354205
0.352948
0.350624
0.348300
0.345976
0.348852
0.352680
0.356508
0.357784
0.357680
0.357576
0.360992
0.367366
0.373741
0.378854
0.382323
0.385792
0.392314
0.403794
0.415275
0.419372
0.408766
0.398160
0.392810
0.395227
0.397645
0.403284
0.412463
0.421643
0.423830
0.421217
0.418604
0.421229
0.426990
0.432752
0.433508
0.431770
0.430031
0.412953
0.392269
0.372710
0.381278
0.389846
0.397713
0.401544
0.405376
0.408950
0.411698
0.414446
0.415016
0.411932
0.408849
0.401006
0.388013
0.375019
0.381649
0.400557
0.419464
0.416744
0.405456
0.394167
0.393199
0.394100
0.394663
0.388251
0.381839
0.381292
0.402933
0.424575
0.437525
0.434721
0.431916
0.435244
0.443415
0.451586
0.462263
0.473670
0.485077
0.486693
0.487116
0.487550
0.488564
0.489579
0.489749
0.485166
0.480582
0.481027
0.495615
0.510204
0.513175
0.495320
0.477466
0.467495
0.467821
0.468148
0.475971
0.490821
0.505671
0.513217
0.514189
0.515161
0.510524
0.501636
0.492748
0.497692
0.516021
0.534350
0.543994
0.542275
0.540556
0.540613
0.544387
0.548161
0.548469
0.537510
0.526551
0.518119
0.526267
0.534415
0.542385
0.537307
0.532228
0.527150
0.515939
0.503056
0.490172
0.484658
0.486230
0.487802
0.489685
0.492707
0.495729
0.498751
0.503160
0.507675
0.512190
0.510248
0.503166
0.496085
0.491182
0.498649
0.506117
0.513584
0.516895
0.518753
0.520612
0.524924
0.536565
0.548206
0.559846
0.565388
0.568417
0.571446
0.573667
0.566569
0.559472
0.552374
0.546568
0.542263
0.537959
0.533654
0.535098
0.539389
0.543681
0.547973
0.555115
0.562579
0.570043
0.577500
0.582078
0.586656
0.591233
0.595811
0.584960
0.573643
0.562326
0.551008
0.552913
0.556296
0.559679
0.563062
0.568357
0.574136
0.579916
0.585695
0.585776
0.581415
0.577053
0.572692
0.570426
0.575154
0.579882
0.584610
0.589338
0.599291
0.610823
0.622355
0.629073
0.612000
0.594927
0.577854
0.581215
0.601081
0.620948
0.640814
0.651490
0.660372
0.669255
0.678137
0.671522
0.664015
0.656507
0.649000
0.653517
0.658245
0.662974
0.667703
0.659460
0.650502
0.641544
0.632586
0.625912
0.620026
0.614141
0.608255
0.609044
0.618832
0.628620
0.638407
0.647967
0.638525
0.629082
0.619639
0.610196
0.605247
0.607355
0.609463
0.611571
0.613679
0.616127
0.618785
0.621443
0.624102
0.626760
0.618280
0.604810
0.591341
0.577871
0.564402
0.558473
0.559586
0.560700
0.561813
0.562927
0.565445
0.576385
0.587326
0.598266
0.609206
0.620146
0.624678
0.625619
0.626559
0.627499
0.628440
0.629436
0.632845
0.636255
0.639664
0.643073
0.646482
0.646334
0.637188
0.628042
0.618896
0.609751
0.600605
0.602619
0.614275
0.625932
0.637589
0.649246
0.660903
0.661319
0.656531
0.651744
0.646956
0.642168
0.637381
0.637306
0.637678
0.638049
0.638421
0.638793
0.639145
0.639021
0.638897
0.638773
0.638649
0.638525
0.640051
0.653532
0.667014
0.680495
0.693977
0.707458
0.715363
0.707046
0.698729
0.690413
0.682096
0.673779
0.671270
0.686120
0.700970
0.715821
0.730671
0.745521
0.757071
0.758013
0.758954
0.759896
0.760838
0.761780
0.763325
0.767486
0.771646
0.775806
0.779967
0.784127
0.788180
0.791501
0.794822
0.798143
0.801464
0.804785
0.808106
0.806150
0.803690
0.801231
0.798772
0.796313
0.793854
0.803022
0.818131
0.833239
0.848348
0.863457
0.878566
0.890627
0.894326
0.898026
0.901725
0.905424
0.909124
0.912823
0.913554
0.913465
0.913376
0.913287
0.913198
0.913109
0.914932
0.921488
0.928043
0.934599
0.941154
0.947710
0.954266
0.960016
0.965229
0.970443
0.975657
0.980871
0.986084
0.991298
0.996876
1.002579
1.008283
1.013987
1.019690
1.025394
1.031098
1.037124
1.043228
1.049333
1.055437
1.061541
1.067645
1.073750
1.074925
1.074043
1.073161
1.072279
1.071396
1.070514
1.069632
1.069898
1.072888
1.075877
1.078867
1.081857
1.084846
1.087836
1.090825
1.090798
1.089456
1.088114
1.086772
1.085430
1.084088
1.082746
1.081404
1.087258
1.093334
1.099410
1.105486
1.111562
1.117638
1.123714
1.129791
1.134906
1.139849
1.144793
1.149736
1.154680
1.159623
1.164567
1.169510
1.171505
1.170938
1.170372
1.169805
1.169238
1.168671
1.168105
1.167538
1.166971
1.172382
1.179866
1.187349
1.194833
1.202316
1.209800
1.217283
1.224767
1.232251
1.236282
1.237936
1.239589
1.241242
1.242896
1.244549
1.246203
1.247856
1.249509
1.251053
1.252544
1.254035
1.255526
1.257017
1.258508
1.259999
1.261490
1.262981
1.264734
1.266492
1.268249
1.270007
1.271764
1.273522
1.275279
1.277037
1.280313
1.285019
1.289725
1.294431
1.299137
1.303843
1.308549
1.313255
1.317442
1.319832
1.322223
1.324613
1.327004
1.329395
1.331785
1.334176
1.336366
1.337140
1.337913
1.338687
1.339460
1.340234
1.341008
1.341781
1.343239
1.352641
1.362043
1.371445
1.380847
1.390249
1.399651
1.409053
1.418096
1.422299
1.426502
1.430705
1.434908
1.439111
1.443315
1.447518
1.452220
1.459057
1.465893
1.472730
1.479567
1.486403
1.493240
1.500077
1.504831
1.506325
1.507820
1.509314
1.510809
1.512303
1.513798
1.515292
1.517916
1.521216
1.524516
1.527816
1.531116
1.534416
1.537716
1.541016
1.550040
1.559730
1.569419
1.579109
1.588798
1.598488
1.608177
1.617430
1.624633
1.631836
1.639038
1.646241
1.653444
1.660647
1.667850
1.671979
1.672280
1.672581
1.672882
1.673183
1.673484
1.673785
1.674086
1.679278
1.686117
1.692957
1.699797
1.706636
1.713476
1.720316
1.727155
1.735284
1.743457
1.751631
1.759804
1.767978
1.776151
1.784325
1.792305
1.799210
1.806115
1.813020
1.819924
1.826829
1.833734
1.840639
1.847776
1.855544
1.863312
1.871080
1.878848
1.886616
1.894384
1.902152
1.908242
1.910169
1.912095
1.914021
1.915947
1.917873
1.919799
1.921726
1.924932
1.933275
1.941619
1.949962
1.958306
1.966649
1.974993
1.983336
1.991598
1.995099
1.998599
2.002099
2.005599
2.009099
2.012599
2.016099
2.019599
2.018238
2.014131
2.010024
2.005917
2.001810
1.997703
1.993596
1.989489
1.986254
1.997840
2.009426
2.021012
2.032598
2.044184
2.055770
2.067356
2.078942
2.089401
2.096063
2.102725
2.109388
2.116050
2.122712
2.129374
2.136036
2.142698
2.148757
2.148691
2.148624
2.148558
2.148491
2.148425
2.148358
2.148292
2.148225
2.148159
2.154702
2.165755
2.176808
2.187861
2.198915
2.209968
2.221021
2.232074
2.243127
2.254180
2.260471
2.266334
2.272196
2.278059
2.283921
2.289784
2.295646
2.301509
2.307371
2.317450
2.330083
2.342716
2.355348
2.367981
2.380614
2.393247
2.405880
2.418513
2.437318
2.459008
2.480699
2.502390
2.524081
2.545772
2.567463
2.589154
2.608296
2.612025
2.615755
2.619484
2.623213
2.626943
2.630672
2.634402
2.638131
2.648278
2.661378
2.674478
2.687578
2.700677
2.713777
2.726877
2.739977
2.750447
2.758547
2.766648
2.774748
2.782849
2.790949
2.799050
2.807150
2.815428
2.823833
2.832239
2.840644
2.849050
2.857455
2.865861
2.874266
2.887703
2.902766
2.917830
2.932893
2.947956
2.963020
2.978083
2.993019
3.006819
3.020619
3.034419
3.048219
3.062019
3.075818
3.089618
3.095811
3.095912
3.096014
3.096116
3.096218
3.096319
3.096421
3.097555
3.106822
3.116088
3.125355
3.134621
3.143888
3.153154
3.162421
3.177888
3.195518
3.213148
3.230779
3.248409
3.266040
3.283670
3.296681
3.302556
3.308430
3.314305
3.320179
3.326054
3.331928
3.337453
3.340918
3.344383
3.347848
3.351312
3.354777
3.358242
3.361707
3.371487
3.381760
3.392033
3.402306
3.412579
3.422852
3.433125
3.446616
3.461012
3.475407
3.489803
3.504198
3.518594
3.532990
3.537284
3.535817
3.534350
3.532883
3.531416
3.529949
3.528481
3.526936
3.525296
3.523657
3.522017
3.520378
3.518738
3.517099
3.518998
3.531850
3.544702
3.557555
3.570407
3.583259
3.596112
3.608964
3.611607
3.614247
3.616888
3.619528
3.622169
3.624810
3.627450
3.631536
3.636149
3.640762
3.645375
3.649989
3.654602
3.659215
3.661054
3.658887
3.656720
3.654553
3.652386
3.650219
3.648052
3.645885
3.660967
3.676481
3.691996
3.707510
3.723025
3.738539
3.754053
3.755323
3.739942
3.724562
3.709182
3.693801
3.678421
3.663041
3.647660
3.642488
3.639581
3.636674
3.633767
3.630860
3.627954
3.625047
3.622701
3.629213
3.635724
3.642235
3.648746
3.655257
3.661769
3.668280
3.674802
3.681392
3.687983
3.694574
3.701165
3.707756
3.714347
3.720938
3.727259
3.730598
3.733936
3.737274
3.740613
3.743951
3.747289
3.750628
3.753966
3.748682
3.741795
3.734907
3.728019
3.721131
3.714243
3.707355
3.700468
3.695943
3.697140
3.698337
3.699534
3.700731
3.701927
3.703124
3.704321
3.705518
3.705585
3.704291
3.702997
3.701703
3.700409
3.699115
3.697821
3.696527
3.695233
3.692414
3.682285
3.672156
3.662027
3.651898
3.641769
3.631640
3.621511
3.611382
3.601253
3.606467
3.628360
3.650252
3.672145
3.694038
3.715931
3.737824
3.759717
3.781610
3.803502
3.811889
3.820096
3.828303
3.836510
3.844717
3.852924
3.861131
3.869338
3.877545
3.887720
3.898451
3.909182
3.919914
3.930645
3.941376
3.952108
3.962839
3.973571
3.983179
3.992553
4.001926
4.011300
4.020674
4.030047
4.039421
4.048794
4.058252
4.068739
4.079225
4.089712
4.100198
4.110685
4.121171
4.131658
4.142144
4.154104
4.167495
4.180887
4.194279
4.207671
4.221063
4.234454
4.247846
4.261557
4.278735
4.295912
4.313090
4.330268
4.347445
4.364623
4.381801
4.398978
4.407386
4.413129
4.418873
4.424617
4.430361
4.436104
4.441848
4.447592
4.460458
4.479335
4.498211
4.517087
4.535964
4.554840
4.573716
4.592593
4.600485
4.591142
4.581800
4.572457
4.563114
4.553772
4.544429
4.535086
4.536042
4.562132
4.588222
4.614311
4.640401
4.666491
4.692581
4.718670
4.739618
4.741491
4.743364
4.745237
4.747110
4.748983
4.750856
4.752729
4.755344
4.762710
4.770076
4.777443
4.784809
4.792175
4.799541
4.806907
4.814107
4.817285
4.820463
4.823642
4.826820
4.829998
4.833176
4.836355
4.839533
4.845919
4.852625
4.859331
4.866037
4.872743
4.879448
4.886154
4.892860
4.939421
5.001000
5.062579
5.124159
5.185738
5.247317
5.308897
5.370476
5.429790
5.486513
5.543235
5.599958
5.656681
5.713404
5.770126
5.826849
5.883879
5.943923
6.003967
6.064012
6.124056
6.184100
6.244144
6.304188
6.364232
6.415873
6.461391
6.506910
6.552428
6.597946
6.643464
6.688983
6.734501
6.780019
6.843921
6.908680
6.973438
7.038197
7.102956
7.167715
7.232473
7.297232
7.364661
7.451439
7.538218
7.624996
7.711775
7.798553
7.885332
7.972110
8.058888
8.143364
8.201548
8.259731
8.317915
8.376098
8.434281
8.492465
8.550648
8.608832
8.667015
8.725874
8.784931
8.843987
8.903044
8.962101
9.021158
9.080215
9.139272
9.198329
9.261984
9.353387
9.444790
9.536193
9.627596
9.718999
9.810402
9.901805
9.993208
10.084610
10.171387
10.211958
10.252529
10.293099
10.333670
10.374240
10.414811
10.455382
10.495952
10.536523
10.577094
10.710654
10.901545
11.092435
11.283326
11.474216
11.665107
11.855997
12.046888
12.237778
12.428669
12.586114
12.708954
