0.655727
0.655727
0.655727
0.655727
0.655727
0.655727
0.655727
0.655727
0.655727
0.655727
0.655727
0.655727
0.655727
0.655727
0.655727
0.655727
0.655727
0.655727
0.655727
0.655727
0.655727
0.655727
0.655727
0.655727
0.655727
0.655727
0.655727
0.655727
0.655727
0.655727
0.655727
0.655727
0.655727
0.655727
0.655727
0.655727
0.655727
0.655727
0.655727
0.655727
0.655727
0.655727
0.655727
0.655727
0.655727
0.655727
0.655727
0.655727
0.655727
0.655727
0.655727
0.655727
0.655727
0.655727
0.655727
0.655727
0.655727
0.655727
0.655727
0.655727
0.655727
0.655727
0.655727
0.655727
0.655727
0.655727
0.655727
0.655727
0.655727
0.649603
0.643126
0.636648
0.630171
0.623693
0.617216
0.610738
0.604261
0.597783
0.591305
0.584828
0.578350
0.571873
0.565395
0.558918
0.552440
0.545963
0.539485
0.533008
0.526530
0.520053
0.513575
0.507098
0.500620
0.494143
0.487665
0.481188
0.474710
0.468233
0.461755
0.455277
0.448800
0.442322
0.435845
0.429367
0.422890
0.416412
0.409935
0.403457
0.396980
0.390502
0.384025
0.377547
0.371070
0.364592
0.358115
0.351637
0.345160
0.338682
0.332205
0.325727
0.319249
0.312772
0.306294
0.299817
0.293339
0.286862
0.280384
0.273907
0.267429
0.260952
0.254474
0.247997
0.241519
0.235042
0.228564
0.222087
0.215609
0.209132
0.202654
0.196177
0.189699
0.183222
0.176744
0.170266
0.163789
0.157311
0.150834
0.144356
0.137879
0.136819
0.136072
0.135325
0.134579
0.133832
0.133085
0.132338
0.131592
0.130845
0.130098
0.129351
0.128604
0.127858
0.127111
0.126364
0.125617
0.124870
0.124124
0.123377
0.122630
0.121883
0.121136
0.120390
0.119643
0.118896
0.118149
0.117403
0.116656
0.115909
0.115162
0.114415
0.113669
0.112922
0.112175
0.111428
0.110681
0.109935
0.109188
0.108441
0.107694
0.106947
0.106201
0.105454
0.104707
0.103960
0.103214
0.102467
0.101720
0.100973
0.100226
0.099480
0.098733
0.097986
0.097239
0.096492
0.095746
0.094999
0.094252
0.093505
0.092758
0.092012
0.091265
0.090518
0.089771
0.089025
0.088278
0.087531
0.086784
0.086037
0.085291
0.084544
0.083797
0.083050
0.082303
0.081557
0.080810
0.080063
0.079316
0.078570
0.077823
0.077423
0.077044
0.076664
0.076285
0.075905
0.075526
0.075146
0.074767
0.074387
0.074008
0.073628
0.073249
0.072869
0.072490
0.072110
0.071731
0.071351
0.070972
0.070592
0.070213
0.069833
0.069454
0.069074
0.068695
0.068315
0.067936
0.067556
0.067177
0.066797
0.066418
0.066038
0.065659
0.065279
0.064900
0.064520
0.064141
0.063761
0.063382
0.063002
0.062623
0.062243
0.061864
0.061484
0.061105
0.060725
0.060346
0.059966
0.059587
0.059207
0.058828
0.058448
0.058069
0.057689
0.057310
0.056930
0.056551
0.056171
0.055792
0.055412
0.055033
0.054653
0.054274
0.053894
0.053515
0.053135
0.052756
0.052377
0.051997
0.051618
0.051238
0.050859
0.050479
0.050100
0.049720
0.049341
0.048961
0.048582
0.048202
0.047823
0.047443
0.047227
0.047020
0.046814
0.046607
0.046400
0.046194
0.045987
0.045781
0.045574
0.045367
0.045161
0.044954
0.044747
0.044541
0.044334
0.044128
0.043921
0.043714
0.043508
0.043301
0.043094
0.042888
0.042681
0.042474
0.042268
0.042061
0.041855
0.041648
0.041441
0.041235
0.041028
0.040821
0.040615
0.040408
0.040201
0.039995
0.039788
0.039582
0.039375
0.039168
0.038962
0.038755
0.038548
0.038342
0.038135
0.037929
0.037722
0.037515
0.037309
0.037102
0.036895
0.036689
0.036482
0.036275
0.036069
0.035862
0.035656
0.035449
0.035242
0.035036
0.034829
0.034622
0.034416
0.034209
0.034003
0.033796
0.033589
0.033383
0.033176
0.032969
0.032763
0.032556
0.032349
0.032143
0.031936
0.031730
0.031523
0.031316
0.031110
0.030903
0.030882
0.030871
0.030861
0.030850
0.030840
0.030829
0.030819
0.030808
0.030798
0.030787
0.030777
0.030766
0.030755
0.030745
0.030734
0.030724
0.030713
0.030703
0.030692
0.030682
0.030671
0.030661
0.030650
0.030640
0.030629
0.030619
0.030608
0.030598
0.030587
0.030577
0.030566
0.030556
0.030545
0.030534
0.030524
0.030513
0.030503
0.030492
0.030482
0.030471
0.030461
0.030450
0.030440
0.030429
0.030419
0.030408
0.030398
0.030387
0.030377
0.030366
0.030356
0.030345
0.030334
0.030324
0.030313
0.030303
0.030292
0.030282
0.030271
0.030261
0.030250
0.030240
0.030229
0.030219
0.030208
0.030198
0.030187
0.030177
0.030166
0.030156
0.030145
0.030134
0.030124
0.030113
0.030103
0.030092
0.030082
0.030071
0.030061
0.030050
0.030033
0.030016
0.029999
0.029982
0.029965
0.029948
0.029931
0.029913
0.029896
0.029879
0.029862
0.029845
0.029828
0.029811
0.029793
0.029776
0.029759
0.029742
0.029725
0.029708
0.029690
0.029673
0.029656
0.029639
0.029622
0.029605
0.029588
0.029570
0.029553
0.029536
0.029519
0.029502
0.029485
0.029468
0.029450
0.029433
0.029416
0.029399
0.029382
0.029365
0.029347
0.029330
0.029313
0.029296
0.029279
0.029262
0.029245
0.029227
0.029210
0.029193
0.029176
0.029159
0.029142
0.029124
0.029107
0.029090
0.029073
0.029056
0.029039
0.029022
0.029004
0.028987
0.028970
0.028953
0.028936
0.028919
0.028902
0.028884
0.028867
0.028850
0.028833
0.028816
0.028799
0.028781
0.028764
0.028747
0.028730
0.028713
0.028696
0.028679
0.028680
0.028682
0.028684
0.028686
0.028689
0.028691
0.028693
0.028695
0.028698
0.028700
0.028702
0.028704
0.028707
0.028709
0.028711
0.028713
0.028716
0.028718
0.028720
0.028722
0.028725
0.028727
0.028729
0.028731
0.028734
0.028736
0.028738
0.028740
0.028743
0.028745
0.028747
0.028749
0.028752
0.028754
0.028756
0.028758
0.028761
0.028763
0.028765
0.028767
0.028770
0.028772
0.028774
0.028776
0.028779
0.028781
0.028783
0.028786
0.028788
0.028790
0.028792
0.028795
0.028797
0.028799
0.028801
0.028804
0.028806
0.028808
0.028810
0.028813
0.028815
0.028817
0.028819
0.028822
0.028824
0.028826
0.028828
0.028831
0.028833
0.028835
0.028837
0.028840
0.028842
0.028844
0.028846
0.028849
0.028851
0.028853
0.028855
0.028858
0.028844
0.028830
0.028816
0.028802
0.028788
0.028774
0.028760
0.028746
0.028732
0.028718
0.028703
0.028689
0.028675
0.028661
0.028647
0.028633
0.028619
0.028605
0.028591
0.028577
0.028563
0.028549
0.028534
0.028520
0.028506
0.028492
0.028478
0.028464
0.028450
0.028436
0.028422
0.028408
0.028394
0.028380
0.028366
0.028351
0.028337
0.028323
0.028309
0.028295
0.028281
0.028267
0.028253
0.028239
0.028225
0.028211
0.028197
0.028182
0.028168
0.028154
0.028140
0.028126
0.028112
0.028098
0.028084
0.028070
0.028056
0.028042
0.028028
0.028013
0.027999
0.027985
0.027971
0.027957
0.027943
0.027929
0.027915
0.027901
0.027887
0.027873
0.027859
0.027844
0.027830
0.027816
0.027802
0.027788
0.027774
0.027760
0.027796
0.027869
0.027941
0.028014
0.028087
0.028160
0.028232
0.028305
0.028378
0.028451
0.028523
0.028596
0.028669
0.028742
0.028814
0.028887
0.028960
0.029033
0.029105
0.029178
0.029251
0.029324
0.029397
0.029469
0.029542
0.029615
0.029688
0.029760
0.029833
0.029906
0.029979
0.030051
0.030124
0.030197
0.030270
0.030342
0.030415
0.030488
0.030561
0.030633
0.030706
0.030779
0.030852
0.030924
0.030997
0.031070
0.031143
0.031216
0.031288
0.031361
0.031434
0.031507
0.031579
0.031652
0.031725
0.031798
0.031870
0.031943
0.032016
0.032089
0.032161
0.032234
0.032307
0.032320
0.032241
0.032162
0.032083
0.032004
0.031925
0.031846
0.031767
0.031688
0.031609
0.031530
0.031451
0.031372
0.031293
0.031214
0.031135
0.031056
0.030977
0.030898
0.030819
0.030740
0.030661
0.030582
0.030503
0.030424
0.030345
0.030266
0.030187
0.030108
0.030029
0.029950
0.029871
0.029792
0.029713
0.029634
0.029555
0.029476
0.029397
0.029318
0.029239
0.029160
0.029081
0.029002
0.028923
0.028844
0.028765
0.028686
0.028607
0.028528
0.028552
0.028739
0.028926
0.029114
0.029301
0.029488
0.029676
0.029863
0.030050
0.030238
0.030425
0.030612
0.030800
0.030987
0.031175
0.031362
0.031549
0.031737
0.031924
0.032111
0.032299
0.032486
0.032673
0.032861
0.033048
0.033235
0.033423
0.033610
0.033797
0.033985
0.034172
0.034360
0.034547
0.034734
0.034922
0.035109
0.035296
0.035484
0.035671
0.035858
0.036023
0.036161
0.036300
0.036438
0.036576
0.036714
0.036853
0.036991
0.037129
0.037267
0.037406
0.037544
0.037682
0.037820
0.037959
0.038097
0.038235
0.038373
0.038512
0.038650
0.038788
0.038926
0.039065
0.039203
0.039341
0.039479
0.039618
0.039756
0.039894
0.040032
0.040171
0.040309
0.040447
0.040585
0.040689
0.040779
0.040869
0.040959
0.041048
0.041138
0.041228
0.041317
0.041407
0.041497
0.041587
0.041676
0.041766
0.041856
0.041946
0.042035
0.042125
0.042215
0.042305
0.042394
0.042484
0.042574
0.042664
0.042753
0.042843
0.042933
0.043022
0.043112
0.043202
0.043020
0.042771
0.042521
0.042272
0.042023
0.041773
0.041524
0.041275
0.041025
0.040776
0.040527
0.040277
0.040028
0.039779
0.039529
0.039280
0.039031
0.038781
0.038532
0.038283
0.038033
0.037784
0.037535
0.037285
0.037036
0.037241
0.037816
0.038392
0.038967
0.039542
0.040117
0.040692
0.041268
0.041843
0.042418
0.042993
0.043569
0.044144
0.044719
0.045294
0.045869
0.046445
0.047020
0.047595
0.048170
0.048746
0.048912
0.049005
0.049098
0.049191
0.049283
0.049376
0.049469
0.049562
0.049655
0.049748
0.049840
0.049933
0.050026
0.050119
0.050212
0.050305
0.050397
0.050490
0.050621
0.050797
0.050973
0.051149
0.051325
0.051501
0.051677
0.051853
0.052029
0.052205
0.052381
0.052557
0.052733
0.052909
0.053085
0.053261
0.053727
0.055624
0.057522
0.059419
0.061316
0.063213
0.065110
0.067008
0.068905
0.070802
0.072699
0.074596
0.076494
0.078391
0.080007
0.080626
0.081246
0.081865
0.082484
0.083103
0.083722
0.084341
0.084961
0.085580
0.086199
0.086818
0.087437
0.088600
0.089876
0.091153
0.092429
0.093705
0.094981
0.096257
0.097534
0.098810
0.100086
0.101362
0.102864
0.104990
0.107115
0.109241
0.111367
0.113493
0.115619
0.117745
0.119870
0.121996
0.124122
0.125844
0.127174
0.128504
0.129834
0.131163
0.132493
0.133823
0.135153
0.136482
0.137812
0.140589
0.144646
0.148703
0.152759
0.156816
0.160873
0.164930
0.168987
0.173044
0.174990
0.174106
0.173221
0.172337
0.171452
0.170568
0.169683
0.168799
0.167915
0.170378
0.173713
0.177048
0.180383
0.183718
0.187053
0.190388
0.193723
0.195052
0.195394
0.195737
0.196080
0.194189
0.192079
0.189968
0.188495
0.188947
0.189399
0.189851
0.192418
0.196161
0.199905
0.202891
0.202436
0.201981
0.201526
0.200780
0.199950
0.199119
0.199349
0.200403
0.201458
0.202979
0.205165
0.207352
0.210200
0.214719
0.219239
0.222023
0.219128
0.216232
0.214343
0.216700
0.219056
0.220429
0.218974
0.217519
0.218035
0.220980
0.223924
0.229985
0.237489
0.244993
0.241269
0.237292
0.235668
0.238337
0.241007
0.248738
0.257393
0.260612
0.255286
0.249959
0.246804
0.243960
0.243370
0.245779
0.248110
0.247095
0.246079
0.252089
0.261800
0.269500
0.274393
0.279002
0.282306
0.285610
0.299043
0.312996
0.311144
0.305865
0.308271
0.313265
0.318009
0.322632
0.323376
0.321676
0.326730
0.336703
0.342448
0.344418
0.346335
0.348201
0.348950
0.348707
0.350176
0.352980
0.347933
0.338370
0.332197
0.327276
0.332621
0.338477
0.333242
0.328720
0.327627
0.324110
0.314973
0.310180
0.309622
0.316306
0.324911
0.327804
0.333865
0.348914
0.360807
0.369391
0.381692
0.394470
0.382169
0.380114
0.399271
0.399894
0.391047
0.395968
0.401608
0.407639
0.421216
0.439273
0.458506
0.480610
0.510716
0.532910
0.549577
0.588180
0.621736
0.622077
0.628795
0.642958
0.658922
0.675997
0.704907
0.717423
0.695279
0.697479
0.715425
0.743623
0.778304
0.848561
0.911066
0.959526
1.029152
1.117600
1.219861
1.329439
1.403032
1.464399
1.557541
1.659691
1.798306
1.946587
2.144704
2.360862
2.616933
2.897569
3.315422
3.887143
4.471114
5.104934
5.738753
7.042247
8.452786
10.094544
12.024596
13.954649
18.758306
23.741489
32.137155
48.028750
63.920345
91.709449
127.308450
162.907451
189.393151
213.429719
237.466288
295.293322
355.742342
416.191361
530.650933
646.017563
761.384194
1188.655364
1632.749172
2076.842979
5480.640650
9266.193520
13051.746391
43708.939981
80119.562097
116530.184214
121698.493291
106728.691407
91758.889524
78534.576244
68596.710746
58658.845247
48818.194184
43280.416720
37742.639256
32204.861791
28190.308937
24914.930789
21639.552641
18588.017982
16108.511234
13629.004486
11149.497738
9757.056357
8530.770889
7304.485422
6300.889254
5638.994279
4977.099303
4315.204328
3848.063755
3406.227389
2964.391024
2601.956390
2377.735790
2153.515189
1929.294588
1734.643346
1546.976821
1359.310295
1143.569653
849.232543
554.895432
260.558322
130.719058
99.476765
68.234471
36.992178
29.532518
23.642412
17.752307
12.661384
10.700309
8.739233
6.778158
5.258213
4.374088
3.489963
2.605838
1.966363
1.512287
1.058211
0.604135
0.401204
0.321715
0.242226
0.162738
0.125126
0.105389
0.085652
0.065915
0.054067
0.046698
0.039328
0.031959
0.026703
0.023627
0.020552
0.017476
0.014883
0.013654
0.012425
0.011196
0.009967
0.009117
0.008285
0.007453
0.006621
0.005989
0.005528
0.005067
0.004606
0.004146
0.004007
0.003870
0.003733
0.003596
0.003561
0.003593
0.003624
0.004004
0.005434
0.006864
0.010094
0.014791
0.023100
0.036823
0.051312
0.067314
0.077375
0.078668
0.084277
0.092795
0.095686
0.095653
0.097127
0.101244
0.105360
0.102578
0.099418
0.097414
0.096376
0.096203
0.098619
0.101035
0.102978
0.104908
0.106249
0.107279
0.108462
0.109876
0.111218
0.112324
0.113781
0.118067
0.122352
0.124209
0.126016
0.129616
0.133386
0.137795
0.142396
0.141318
0.137170
0.144955
0.163839
0.177827
0.185549
0.187634
0.181935
0.187694
0.211065
0.226636
0.228297
0.229002
0.227687
0.231922
0.249275
0.262719
0.264916
0.267380
0.271057
0.274278
0.273606
0.273573
0.288134
0.302696
0.303702
0.304700
0.307601
0.310615
0.310297
0.309682
0.318494
0.329571
0.329633
0.324363
0.328590
0.340406
0.360578
0.388938
0.391495
0.364372
0.356678
0.373134
0.381942
0.376707
0.376803
0.393788
0.410244
0.422213
0.433486
0.418381
0.403276
0.397473
0.392417
0.408529
0.430476
0.450342
0.468986
0.494410
0.526726
0.549113
0.553955
0.565203
0.599708
0.629834
0.606341
0.582848
0.589575
0.597323
0.619245
0.643333
0.632292
0.610731
0.617007
0.642229
0.665457
0.686086
0.698193
0.680715
0.663237
0.664291
0.665519
0.687104
0.715476
0.737335
0.752453
0.761232
0.750703
0.740174
0.714416
0.688152
0.689101
0.700353
0.712400
0.725325
0.730808
0.710653
0.690498
0.682739
0.675608
0.688498
0.710520
0.709481
0.682036
0.663728
0.679653
0.696163
0.739614
0.783066
0.811290
0.834165
0.845913
0.846448
0.843819
0.831030
0.818292
0.870290
0.922288
0.927191
0.917278
0.918015
0.929650
0.942572
0.961866
0.981160
1.015166
1.051534
1.084445
1.114202
1.138371
1.133748
1.129125
1.180778
1.245433
1.279073
1.276994
1.277923
1.301707
1.325492
1.352103
1.379732
1.397337
1.393507
1.389678
1.379293
1.368075
1.412377
1.530752
1.649126
1.679100
1.708650
1.685834
1.620741
1.556082
1.497505
1.438928
1.475587
1.585925
1.685004
1.665077
1.645150
1.637267
1.637981
1.637700
1.618053
1.598405
1.569819
1.531707
1.493595
1.552702
1.622628
1.661621
1.639871
1.618121
1.617412
1.623057
1.633270
1.659776
1.686282
1.674294
1.642805
1.617997
1.655741
1.693485
1.707552
1.696072
1.684592
1.701810
1.723868
1.743071
1.751841
1.760611
1.751211
1.728295
1.705379
1.744738
1.792098
1.817630
1.728003
1.638375
1.618133
1.697921
1.777708
1.795722
1.778045
1.760367
1.796042
1.841128
1.886215
1.826457
1.765978
1.719514
1.756722
1.793929
1.821671
1.825909
1.830147
1.832543
1.831890
1.831236
1.835063
1.844778
1.854492
1.862411
1.868407
1.874403
1.882299
1.892120
1.901941
1.922555
1.955893
1.989231
2.030415
2.084211
2.138007
2.176095
2.170836
2.165577
2.165567
2.215970
2.266373
2.316775
2.373922
2.431955
2.489988
2.538017
2.580341
2.622664
2.633438
2.585538
2.537639
2.489739
2.593832
2.700361
2.806889
2.798746
2.709251
2.619756
2.553782
2.652190
2.750599
2.849007
2.859606
2.810809
2.762011
2.716027
2.771683
2.827339
2.882996
2.904559
2.866210
2.827860
2.789510
2.738591
2.679359
2.620128
2.560896
2.576358
2.624608
2.672859
2.721110
2.723251
2.711472
2.699693
2.687914
2.644119
2.586782
2.529446
2.472110
2.468481
2.508344
2.548207
2.588070
2.597825
2.524394
2.450964
2.377533
2.304102
2.380143
2.479784
2.579425
2.679066
2.729455
2.705625
2.681795
2.657965
2.634722
2.632652
2.630582
2.628511
2.626441
2.605927
2.573836
2.541745
2.509653
2.489318
2.505200
2.521081
2.536963
2.552844
2.619938
2.689844
2.759750
2.829657
2.833271
2.819308
2.805344
2.791381
2.827726
2.892941
2.958157
3.023372
3.021672
2.946533
2.871394
2.796255
2.733845
2.697276
2.660706
2.624136
2.604245
2.647168
2.690090
2.733013
2.773894
2.800886
2.827878
2.854870
2.872017
2.818513
2.765009
2.711505
2.668275
2.697026
2.725778
2.754529
2.769134
2.683334
2.597534
2.511734
2.454297
2.526452
2.598606
2.670761
2.722184
2.709734
2.697285
2.684836
2.674844
2.669455
2.664067
2.658678
2.666534
2.690105
2.713677
2.737248
2.693244
2.596787
2.500330
2.403872
2.412682
2.469368
2.526053
2.582739
2.615876
2.641878
2.667879
2.693880
2.634686
2.561206
2.487726
2.414247
2.392689
2.375674
2.358659
2.342041
2.401303
2.460565
2.519827
2.571373
2.558244
2.545114
2.531985
2.514315
2.477526
2.440737
2.403949
2.394632
2.467710
2.540787
2.613865
2.658652
2.630019
2.601387
2.572754
2.568549
2.625104
2.681659
2.738214
2.777128
2.774537
2.771946
2.769354
2.766244
2.761663
2.757083
2.752503
2.770333
2.866027
2.961721
3.057415
3.119995
3.010049
2.900103
2.790157
2.694223
2.729548
2.764872
2.800197
2.835521
2.861578
2.887357
2.913136
2.938915
2.915411
2.878243
2.841075
2.803906
2.781701
2.771051
2.760401
2.749751
2.723197
2.663840
2.604483
2.545125
2.494283
2.649381
2.804479
2.959577
3.114675
3.112013
3.043926
2.975839
2.907752
2.875408
2.927471
2.979534
3.031596
3.083659
3.095770
3.098596
3.101422
3.104247
3.099840
3.069858
3.039876
3.009893
2.979911
2.969371
2.974522
2.979673
2.984823
2.989974
3.001912
3.015641
3.029371
3.043100
3.056829
3.069065
3.081164
3.093264
3.105363
3.117462
3.126035
3.134279
3.142523
3.150767
3.159011
3.186995
3.220474
3.253952
3.287431
3.320909
3.328746
3.310305
3.291864
3.273423
3.254982
3.237438
3.240592
3.243746
3.246900
3.250055
3.253209
3.254650
3.253919
3.253187
3.252456
3.251724
3.250993
3.301393
3.361615
3.421836
3.482058
3.542279
3.574592
3.565674
3.556757
3.547839
3.538922
3.533475
3.553479
3.573483
3.593487
3.613492
3.633496
3.662982
3.692913
3.722843
3.752773
3.782704
3.792924
3.800978
3.809033
3.817087
3.825141
3.856323
3.888755
3.921188
3.953620
3.983618
3.991100
3.998581
4.006063
4.013544
4.013142
3.997045
3.980948
3.964851
3.948753
3.973283
4.020999
4.068715
4.116431
4.163981
4.185018
4.206055
4.227092
4.248128
4.257144
4.250745
4.244345
4.237946
4.231546
4.270498
4.313528
4.356558
4.399588
4.421569
4.416307
4.411046
4.405785
4.400523
4.430060
4.459893
4.489726
4.519560
4.529846
4.525703
4.521560
4.517418
4.528377
4.597328
4.666278
4.735229
4.804180
4.743333
4.661375
4.579417
4.497459
4.469565
4.489537
4.509508
4.529480
4.549250
4.568299
4.587347
4.606395
4.625444
4.624741
4.622363
4.619985
4.617607
4.613752
4.609053
4.604354
4.599654
4.610700
4.648546
4.686392
4.724238
4.757206
4.749033
4.740859
4.732686
4.724512
4.726542
4.730478
4.734414
4.738351
4.768001
4.815929
4.863857
4.911785
4.937322
4.916479
4.895636
4.874793
4.857132
4.898331
4.939530
4.980730
5.021929
5.059017
5.094814
5.130610
5.166406
5.188494
5.194076
5.199659
5.205242
5.214517
5.248617
5.282717
5.316818
5.350918
5.358022
5.357510
5.356998
5.356486
5.345836
5.320578
5.295319
5.270061
5.244802
5.279655
5.314632
5.349610
5.384587
5.405824
5.415920
5.426015
5.436111
5.447086
5.470861
5.494637
5.518413
5.542189
5.579701
5.629394
5.679087
5.728780
5.778473
5.760208
5.738000
5.715791
5.693583
5.674946
5.664390
5.653835
5.643280
5.632724
5.655220
5.698921
5.742622
5.786322
5.830023
5.828904
5.819304
5.809704
5.800104
5.790505
5.826616
5.863111
5.899607
5.936102
5.968357
5.931088
5.893818
5.856549
5.819280
5.782432
5.793175
5.803918
5.814661
5.825405
5.836148
5.860255
5.886786
5.913316
5.939847
5.966377
5.969707
5.954272
5.938836
5.923401
5.907966
5.896680
5.914562
5.932444
5.950325
5.968207
5.986089
5.987128
5.972678
5.958229
5.943780
5.929331
5.914881
5.923997
5.942406
5.960815
5.979224
5.997633
6.016043
6.038111
6.060281
6.082451
6.104621
6.126791
6.158921
6.202444
6.245967
6.289490
6.333013
6.377325
6.425951
6.474577
6.523204
6.571830
6.620456
6.612862
6.600919
6.588976
6.577033
6.565090
6.593250
6.631005
6.668759
6.706513
6.744267
6.747263
6.742353
6.737443
6.732533
6.727622
6.715256
6.702214
6.689171
6.676129
6.668243
6.697036
6.725828
6.754621
6.783414
6.813717
6.846110
6.878502
6.910895
6.943287
7.015868
7.097962
7.180055
7.262148
7.302112
7.229861
7.157610
7.085359
7.013108
7.030931
7.074675
7.118420
7.162164
7.203214
7.239206
7.275197
7.311189
7.347181
7.320585
7.292037
7.263490
7.234943
7.265880
7.332122
7.398365
7.464608
7.520041
7.549534
7.579027
7.608520
7.637986
7.665973
7.693960
7.721946
7.749933
7.754280
7.752916
7.751552
7.750188
7.770439
7.805834
7.841228
7.876623
7.904632
7.920810
7.936989
7.953168
7.967038
7.971244
7.975449
7.979654
7.983515
7.975410
7.967306
7.959201
7.951096
7.988378
8.033241
8.078103
8.122966
8.148846
8.165800
8.182754
8.199709
8.212573
8.221411
8.230249
8.239086
8.242222
8.233516
8.224810
8.216103
8.215153
8.263089
8.311025
8.358960
8.406896
8.453998
8.501060
8.548122
8.595184
8.633067
8.668546
8.704026
8.739506
8.761960
8.776087
8.790215
8.804342
8.864651
8.997051
9.129451
9.261851
9.371892
9.365925
9.359958
9.353991
9.348024
9.501336
9.672737
9.844139
10.015541
10.055900
10.013172
9.970444
9.927717
9.962939
10.174906
10.386873
10.598841
10.810808
10.864719
10.909824
10.954928
11.000033
11.095198
11.229978
11.364758
11.499538
11.633723
11.763488
11.893254
12.023020
12.152786
12.290244
12.432584
12.574924
12.717264
12.861691
13.039809
13.217927
13.396045
13.574163
13.709810
13.787539
13.865268
13.942997
14.020726
14.118967
14.225506
14.332046
14.438585
14.545124
14.779038
15.023172
15.267306
15.511440
15.750206
15.876745
16.003283
16.129821
16.256360
16.389928
16.617200
16.844473
17.071745
17.299017
17.526289
17.614274
17.697783
17.781292
17.864800
17.948309
18.173418
18.445057
18.716696
18.988335
19.259974
19.499108
19.686512
19.873916
20.061320
20.248724
20.436128
20.519973
20.583437
20.646901
20.710364
20.773828
20.868112
21.271325
21.674538
22.077750
22.480963
22.884176
23.265752
23.621515
23.977278
24.333041
24.688804
25.044567
25.380377
25.715405
26.050434
26.385463
26.720491
26.995690
27.230070
27.464451
27.698832
27.933212
28.295058
28.871161
29.447263
30.023366
30.599469
31.067233
31.252740
31.438246
31.623753
31.809259
32.082658
32.568356
33.054053
33.539751
34.025448
34.392205
34.582750
34.773295
34.963840
35.154386
35.401328
35.687314
35.973299
36.259285
36.545270
36.926832
37.325268
37.723703
38.122138
38.482713
38.651378
38.820044
38.988709
39.157375
39.589725
40.245562
40.901400
41.557237
42.213075
42.611731
43.002622
43.393513
43.784405
44.094752
44.307732
44.520712
44.733692
44.946671
45.212669
45.479160
45.745652
46.012144
46.341544
46.722260
47.102976
47.483691
47.832901
47.990575
48.148249
48.305923
48.463597
48.584887
48.694428
48.803970
48.913511
49.051075
49.228913
49.406751
49.584589
49.767126
50.000368
50.233610
50.466852
50.700095
50.922584
51.142025
51.361467
51.580909
51.819782
52.078660
52.337537
52.596415
52.734712
52.430340
52.125969
51.821597
51.517226
51.453729
51.406627
51.359525
51.312423
51.458822
51.703953
51.949085
52.194216
52.261015
52.053004
51.844994
51.636983
51.462538
51.520708
51.578879
51.637049
51.695220
51.819173
51.954325
52.089477
52.224629
52.136958
51.882016
51.627074
51.372132
51.210907
51.311768
51.412628
51.513489
51.614349
51.772083
51.933283
52.094484
52.255684
52.162636
51.903516
51.644397
51.385278
51.153329
51.008076
50.862822
50.717569
50.572315
50.636793
50.741307
50.845822
50.950336
50.956092
50.814552
50.673013
50.531473
50.389933
50.228270
50.065367
49.902464
49.739561
49.640217
49.620510
49.600804
49.581097
49.561390
49.530159
49.497641
49.465123
49.432606
49.492930
49.765642
50.038354
50.311066
50.583778
50.600245
50.484325
50.368405
50.252485
50.136565
50.088393
50.043733
49.999074
49.954415
49.920278
49.941480
49.962682
49.983884
50.005086
49.918449
49.555937
49.193425
48.830913
48.468401
48.196333
48.127751
48.059168
47.990585
47.922002
47.868901
47.868901
