0.655727
0.655727
0.655727
0.655727
0.655727
0.655727
0.655727
0.655727
0.655727
0.655727
0.655727
0.655727
0.655727
0.655727
0.655727
0.655727
0.655727
0.655727
0.655727
0.655727
0.655727
0.655727
0.655727
0.655727
0.655727
0.655727
0.655727
0.655727
0.655727
0.655727
0.655727
0.655727
0.655727
0.655727
0.655727
0.655727
0.655727
0.655727
0.655727
0.655727
0.655727
0.655727
0.655727
0.655727
0.655727
0.655727
0.655727
0.655727
0.655727
0.655727
0.655727
0.655727
0.655727
0.655727
0.655727
0.655727
0.655727
0.655727
0.655727
0.655727
0.655727
0.655727
0.655727
0.655727
0.655727
0.655727
0.655727
0.655727
0.655727
0.649628
0.643177
0.636726
0.630275
0.623824
0.617372
0.610921
0.604470
0.598019
0.591568
0.585117
0.578665
0.572214
0.565763
0.559312
0.552861
0.546410
0.539959
0.533507
0.527056
0.520605
0.514154
0.507703
0.501252
0.494801
0.488349
0.481898
0.475447
0.468996
0.462545
0.456094
0.449643
0.443191
0.436740
0.430289
0.423838
0.417387
0.410936
0.404484
0.398033
0.391582
0.385131
0.378680
0.372229
0.365778
0.359326
0.352875
0.346424
0.339973
0.333522
0.327071
0.320620
0.314168
0.307717
0.301266
0.294815
0.288364
0.281913
0.275462
0.269010
0.262559
0.256108
0.249657
0.243206
0.236755
0.230303
0.223852
0.217401
0.210950
0.204499
0.198048
0.191597
0.185145
0.178694
0.172243
0.165792
0.159341
0.152890
0.146439
0.139987
0.139772
0.139918
0.140063
0.140208
0.140353
0.140498
0.140644
0.140789
0.140934
0.141079
0.141224
0.141370
0.141515
0.141660
0.141805
0.141951
0.142096
0.142241
0.142386
0.142531
0.142677
0.142822
0.142967
0.143112
0.143257
0.143403
0.143548
0.143693
0.143838
0.143983
0.144129
0.144274
0.144419
0.144564
0.144710
0.144855
0.145000
0.145145
0.145290
0.145436
0.145581
0.145726
0.145871
0.146016
0.146162
0.146307
0.146452
0.146597
0.146743
0.146888
0.147033
0.147178
0.147323
0.147469
0.147614
0.147759
0.147904
0.148049
0.148195
0.148340
0.148485
0.148630
0.148775
0.148921
0.149066
0.149211
0.149356
0.149502
0.149647
0.149792
0.149937
0.150082
0.150228
0.150373
0.150518
0.150663
0.150808
0.150954
0.151099
0.151244
0.151027
0.150789
0.150551
0.150312
0.150074
0.149836
0.149598
0.149360
0.149121
0.148883
0.148645
0.148407
0.148169
0.147931
0.147692
0.147454
0.147216
0.146978
0.146740
0.146502
0.146263
0.146025
0.145787
0.145549
0.145311
0.145072
0.144834
0.144596
0.144358
0.144120
0.143882
0.143643
0.143405
0.143167
0.142929
0.142691
0.142453
0.142214
0.141976
0.141738
0.141500
0.141262
0.141023
0.140785
0.140547
0.140309
0.140071
0.139833
0.139594
0.139356
0.139118
0.138880
0.138642
0.138404
0.138165
0.137927
0.137689
0.137451
0.137213
0.136974
0.136736
0.136498
0.136260
0.136022
0.135784
0.135545
0.135307
0.135069
0.134831
0.134593
0.134355
0.134116
0.133878
0.133640
0.133402
0.133164
0.132925
0.132687
0.132449
0.132211
0.131231
0.130208
0.129186
0.128163
0.127140
0.126118
0.125095
0.124072
0.123049
0.122027
0.121004
0.119981
0.118959
0.117936
0.116913
0.115890
0.114868
0.113845
0.112822
0.111800
0.110777
0.109754
0.108731
0.107709
0.106686
0.105663
0.104641
0.103618
0.102595
0.101572
0.100550
0.099527
0.098504
0.097482
0.096459
0.095436
0.094413
0.093391
0.092368
0.091345
0.090323
0.089300
0.088277
0.087254
0.086232
0.085209
0.084186
0.083164
0.082141
0.081118
0.080095
0.079073
0.078050
0.077027
0.076005
0.074982
0.073959
0.072936
0.071914
0.070891
0.069868
0.068846
0.067823
0.066800
0.065777
0.064755
0.063732
0.062709
0.061687
0.060664
0.059641
0.058618
0.057596
0.056573
0.055550
0.054528
0.053505
0.052482
0.051460
0.050437
0.050033
0.049664
0.049296
0.048927
0.048558
0.048190
0.047821
0.047453
0.047084
0.046716
0.046347
0.045979
0.045610
0.045242
0.044873
0.044505
0.044136
0.043768
0.043399
0.043031
0.042662
0.042294
0.041925
0.041557
0.041188
0.040820
0.040451
0.040083
0.039714
0.039346
0.038977
0.038609
0.038240
0.037872
0.037503
0.037135
0.036766
0.036398
0.036029
0.035661
0.035292
0.034924
0.034555
0.034187
0.033818
0.033449
0.033081
0.032712
0.032344
0.031975
0.031607
0.031238
0.030870
0.030501
0.030133
0.029764
0.029396
0.029027
0.028659
0.028290
0.027922
0.027553
0.027185
0.026816
0.026448
0.026079
0.025711
0.025342
0.024974
0.024605
0.024237
0.023868
0.023500
0.023131
0.022763
0.022394
0.022026
0.021657
0.021289
0.020920
0.020939
0.020981
0.021022
0.021064
0.021105
0.021147
0.021188
0.021230
0.021271
0.021313
0.021354
0.021396
0.021437
0.021479
0.021520
0.021562
0.021603
0.021645
0.021686
0.021728
0.021769
0.021811
0.021852
0.021894
0.021935
0.021977
0.022018
0.022060
0.022101
0.022143
0.022184
0.022226
0.022267
0.022309
0.022350
0.022392
0.022433
0.022475
0.022516
0.022558
0.022599
0.022641
0.022682
0.022724
0.022765
0.022807
0.022848
0.022890
0.022931
0.022973
0.023014
0.023056
0.023097
0.023139
0.023180
0.023222
0.023263
0.023305
0.023346
0.023388
0.023429
0.023471
0.023512
0.023554
0.023595
0.023637
0.023678
0.023720
0.023761
0.023803
0.023844
0.023886
0.023927
0.023969
0.024010
0.024052
0.024093
0.024135
0.024176
0.024218
0.024195
0.024170
0.024144
0.024118
0.024092
0.024066
0.024041
0.024015
0.023989
0.023963
0.023937
0.023912
0.023886
0.023860
0.023834
0.023808
0.023783
0.023757
0.023731
0.023705
0.023679
0.023654
0.023628
0.023602
0.023576
0.023550
0.023524
0.023499
0.023473
0.023447
0.023421
0.023395
0.023370
0.023344
0.023318
0.023292
0.023266
0.023241
0.023215
0.023189
0.023163
0.023137
0.023112
0.023086
0.023060
0.023034
0.023008
0.022983
0.022957
0.022931
0.022905
0.022879
0.022854
0.022828
0.022802
0.022776
0.022750
0.022724
0.022699
0.022673
0.022647
0.022621
0.022595
0.022570
0.022544
0.022518
0.022492
0.022466
0.022441
0.022415
0.022389
0.022363
0.022337
0.022312
0.022286
0.022260
0.022234
0.022208
0.022183
0.022157
0.022165
0.022176
0.022187
0.022197
0.022208
0.022218
0.022229
0.022240
0.022250
0.022261
0.022272
0.022282
0.022293
0.022303
0.022314
0.022325
0.022335
0.022346
0.022357
0.022367
0.022378
0.022388
0.022399
0.022410
0.022420
0.022431
0.022441
0.022452
0.022463
0.022473
0.022484
0.022495
0.022505
0.022516
0.022526
0.022537
0.022548
0.022558
0.022569
0.022580
0.022590
0.022601
0.022611
0.022622
0.022633
0.022643
0.022654
0.022664
0.022675
0.022686
0.022696
0.022707
0.022718
0.022728
0.022739
0.022749
0.022760
0.022771
0.022781
0.022792
0.022803
0.022813
0.022824
0.022834
0.022845
0.022856
0.022866
0.022877
0.022887
0.022898
0.022909
0.022919
0.022930
0.022941
0.022951
0.022962
0.022972
0.022983
0.022994
0.023004
0.023038
0.023073
0.023108
0.023143
0.023179
0.023214
0.023249
0.023284
0.023319
0.023354
0.023389
0.023424
0.023460
0.023495
0.023530
0.023565
0.023600
0.023635
0.023670
0.023705
0.023740
0.023776
0.023811
0.023846
0.023881
0.023916
0.023951
0.023986
0.024021
0.024057
0.024092
0.024127
0.024162
0.024197
0.024232
0.024267
0.024302
0.024338
0.024373
0.024408
0.024443
0.024478
0.024513
0.024548
0.024583
0.024618
0.024654
0.024689
0.024724
0.024759
0.024794
0.024829
0.024864
0.024899
0.024935
0.024970
0.025005
0.025040
0.025075
0.025110
0.025145
0.025180
0.025216
0.025251
0.025286
0.025321
0.025356
0.025391
0.025426
0.025461
0.025496
0.025532
0.025567
0.025602
0.025637
0.025672
0.025707
0.025742
0.025777
0.025813
0.025759
0.025701
0.025643
0.025585
0.025526
0.025468
0.025410
0.025352
0.025293
0.025235
0.025177
0.025119
0.025060
0.025002
0.024944
0.024886
0.024827
0.024769
0.024711
0.024653
0.024594
0.024536
0.024478
0.024420
0.024362
0.024303
0.024245
0.024187
0.024129
0.024070
0.024012
0.023954
0.023896
0.023837
0.023779
0.023721
0.023663
0.023604
0.023546
0.023488
0.023430
0.023371
0.023313
0.023255
0.023197
0.023138
0.023080
0.023022
0.022964
0.022905
0.022847
0.022789
0.022731
0.022672
0.022614
0.022556
0.022498
0.022439
0.022381
0.022323
0.022265
0.022206
0.022148
0.022090
0.022032
0.021973
0.021915
0.021857
0.021799
0.021741
0.021682
0.021624
0.021566
0.021508
0.021449
0.021391
0.021333
0.021275
0.021216
0.021158
0.021205
0.021257
0.021310
0.021363
0.021415
0.021468
0.021521
0.021574
0.021626
0.021679
0.021732
0.021784
0.021837
0.021890
0.021942
0.021995
0.022048
0.022101
0.022153
0.022206
0.022259
0.022311
0.022364
0.022417
0.022469
0.022522
0.022575
0.022628
0.022680
0.022733
0.022786
0.022838
0.022891
0.022944
0.022996
0.023049
0.023102
0.023154
0.023207
0.023260
0.023313
0.023365
0.023418
0.023471
0.023523
0.023576
0.023629
0.023681
0.023734
0.023787
0.023840
0.023892
0.023945
0.023998
0.024050
0.024103
0.024156
0.024208
0.024261
0.024314
0.024367
0.024419
0.024472
0.024525
0.024577
0.024630
0.024683
0.024735
0.024788
0.024841
0.024894
0.024946
0.024999
0.025052
0.025104
0.025157
0.025210
0.025262
0.025315
0.025368
0.025445
0.025525
0.025604
0.025683
0.025762
0.025841
0.025920
0.025999
0.026078
0.026157
0.026236
0.026316
0.026395
0.026474
0.026553
0.026632
0.026711
0.026790
0.026869
0.026948
0.027027
0.027106
0.027186
0.027265
0.027344
0.027423
0.027502
0.027581
0.027660
0.027739
0.027818
0.027897
0.027977
0.028056
0.028135
0.028214
0.028293
0.028372
0.028451
0.028530
0.028609
0.028688
0.028768
0.028847
0.028926
0.029005
0.029084
0.029163
0.029242
0.029321
0.029400
0.029479
0.029559
0.029638
0.029717
0.029796
0.029875
0.029954
0.030033
0.030112
0.030191
0.030270
0.030349
0.030429
0.030508
0.030587
0.030666
0.030745
0.030824
0.030903
0.030982
0.031061
0.031140
0.031220
0.031299
0.031378
0.031457
0.031536
0.031619
0.031703
0.031787
0.031871
0.031956
0.032040
0.032124
0.032208
0.032292
0.032376
0.032461
0.032545
0.032629
0.032713
0.032797
0.032882
0.032966
0.033050
0.033134
0.033218
0.033302
0.033387
0.033471
0.033555
0.033639
0.033723
0.033808
0.033892
0.033976
0.034060
0.034144
0.034228
0.034313
0.034397
0.034481
0.034565
0.034649
0.034734
0.034818
0.034902
0.034986
0.035070
0.035154
0.035239
0.035323
0.035407
0.035491
0.035575
0.035660
0.035744
0.035828
0.035912
0.035996
0.036080
0.036165
0.036249
0.036333
0.036417
0.036501
0.036586
0.036670
0.036754
0.036838
0.036922
0.037006
0.037091
0.037177
0.037347
0.037518
0.037688
0.037858
0.038029
0.038199
0.038370
0.038540
0.038710
0.038881
0.039051
0.039222
0.039392
0.039562
0.039733
0.039903
0.040074
0.040244
0.040415
0.040585
0.040755
0.040926
0.041096
0.041267
0.041437
0.041607
0.041778
0.041948
0.042119
0.042289
0.042459
0.042630
0.042800
0.042971
0.043141
0.043311
0.043482
0.043652
0.043823
0.043993
0.044163
0.044334
0.044504
0.044675
0.044845
0.045016
0.045186
0.045356
0.045527
0.045697
0.045868
0.046038
0.046226
0.046414
0.046602
0.046791
0.046979
0.047167
0.047356
0.047544
0.047732
0.047920
0.048109
0.048297
0.048485
0.048673
0.048862
0.049050
0.049238
0.049426
0.049615
0.049803
0.049991
0.050179
0.050368
0.050556
0.050744
0.050933
0.051121
0.051309
0.051497
0.051686
0.051874
0.052062
0.052250
0.052439
0.052627
0.052815
0.053003
0.053192
0.053380
0.053568
0.053757
0.053945
0.054133
0.054321
0.054460
0.054578
0.054695
0.054812
0.054929
0.055047
0.055164
0.055281
0.055398
0.055515
0.055633
0.055750
0.055867
0.055984
0.056102
0.056219
0.056336
0.056453
0.056571
0.056688
0.056805
0.056922
0.057040
0.057157
0.057274
0.057391
0.057509
0.057626
0.057743
0.057860
0.057978
0.058095
0.058212
0.058329
0.058447
0.058564
0.058681
0.058798
0.058916
0.059033
0.059237
0.059474
0.059710
0.059947
0.060184
0.060421
0.060658
0.060895
0.061131
0.061368
0.061605
0.061842
0.062079
0.062315
0.062552
0.062789
0.063026
0.063263
0.063499
0.063736
0.063973
0.064210
0.064447
0.064683
0.064920
0.065157
0.065394
0.065631
0.065867
0.066104
0.066341
0.066578
0.066815
0.067052
0.067288
0.067525
0.067762
0.067985
0.068191
0.068397
0.068604
0.068810
0.069016
0.069222
0.069429
0.069635
0.069841
0.070047
0.070254
0.070460
0.070666
0.070872
0.071079
0.071285
0.071491
0.071697
0.071904
0.072110
0.072316
0.072522
0.072729
0.072935
0.073141
0.073347
0.073554
0.073760
0.073966
0.074172
0.074378
0.074585
0.074791
0.075004
0.075300
0.075595
0.075890
0.076186
0.076481
0.076777
0.077072
0.077367
0.077663
0.077958
0.078253
0.078549
0.078844
0.079140
0.079435
0.079730
0.080026
0.080321
0.080617
0.080912
0.081207
0.081503
0.081798
0.082094
0.082389
0.082684
0.082980
0.083275
0.083570
0.083866
0.084161
0.084457
0.084752
0.085047
0.085445
0.085935
0.086425
0.086915
0.087405
0.087896
0.088386
0.088876
0.089366
0.089856
0.090346
0.090837
0.091327
0.091817
0.092307
0.092797
0.093288
0.093778
0.094268
0.094758
0.095248
0.095739
0.096229
0.096719
0.097209
0.097699
0.098190
0.098680
0.099170
0.099660
0.100150
0.100641
0.101131
0.101621
0.102029
0.102318
0.102607
0.102896
0.103186
0.103475
0.103764
0.104054
0.104343
0.104632
0.104921
0.105211
0.105500
0.105789
0.106078
0.106368
0.106657
0.106946
0.107235
0.107525
0.107814
0.108103
0.108392
0.108682
0.108971
0.109260
0.109549
0.109839
0.110128
0.110417
0.110707
0.110996
0.111285
0.111574
0.111864
0.112192
0.112673
0.113153
0.113634
0.114115
0.114596
0.115077
0.115558
0.116039
0.116519
0.117000
0.117481
0.117962
0.118443
0.118924
0.119405
0.119886
0.120366
0.120847
0.121328
0.121809
0.122290
0.122771
0.123252
0.123732
0.124213
0.124694
0.125175
0.125656
0.126137
0.126618
0.127098
0.127579
0.128060
0.128541
0.129022
0.129503
0.129970
0.130341
0.130711
0.131082
0.131452
0.131823
0.132193
0.132563
0.132934
0.133304
0.133675
0.134045
0.134416
0.134786
0.135157
0.135527
0.135898
0.136268
0.136638
0.137009
0.137379
0.137750
0.138120
0.138491
0.138861
0.139232
0.139602
0.139972
0.140343
0.140713
0.141084
0.141454
0.141825
0.142195
0.142566
0.142936
0.143306
0.143677
0.144047
0.144418
0.144788
0.145081
0.145244
0.145406
0.145568
0.145731
0.145893
0.146055
0.146218
0.146380
0.146542
0.146705
0.146867
0.147029
0.147192
0.147354
0.147516
0.147679
0.147841
0.148003
0.148166
0.148328
0.148490
0.148653
0.148815
0.148977
0.149140
0.149302
0.149464
0.149627
0.149789
0.149951
0.150114
0.150276
0.150438
0.150601
0.150763
0.150925
0.151088
0.151250
0.151412
0.151575
0.151737
0.151899
0.152062
0.152224
0.152386
0.152502
0.152581
0.152659
0.152738
0.152817
0.152896
0.152975
0.153054
0.153133
0.153212
0.153291
0.153370
0.153448
0.153527
0.153606
0.153685
0.153764
0.153843
0.153922
0.154001
0.154080
0.154159
0.154237
0.154316
0.154395
0.154474
0.154553
0.154632
0.154711
0.154790
0.154869
0.154947
0.155026
0.155105
0.155184
0.155263
0.155342
0.155421
0.155500
0.155579
0.155658
0.155736
0.155815
0.155894
0.155973
0.156052
0.156131
0.156210
0.156289
0.156368
0.156446
0.156525
0.156604
0.156396
0.155938
0.155479
0.155021
0.154563
0.154105
0.153646
0.153188
0.152730
0.152272
0.151813
0.151355
0.150897
0.150439
0.149981
0.149522
0.149064
0.148606
0.148148
0.147689
0.147231
0.146773
0.146315
0.145856
0.145398
0.144940
0.144482
0.144023
0.143565
0.143107
0.142649
0.142190
0.141732
0.141274
0.140816
0.140357
0.139899
0.139441
0.138983
0.138524
0.138066
0.137608
0.137150
0.136691
0.136233
0.135775
0.135317
0.134858
0.134400
0.133942
0.133484
0.133025
0.132567
0.132109
0.131651
0.131192
0.130734
0.130276
0.129818
0.129359
0.128901
0.128443
0.127985
0.127526
0.127068
0.126610
0.126152
0.126044
0.125969
0.125895
0.125820
0.125746
0.125671
0.125597
0.125522
0.125448
0.125373
0.125298
0.125224
0.125149
0.125075
0.125000
0.124926
0.124851
0.124777
0.124702
0.124628
0.124553
0.124478
0.124404
0.124329
0.124255
0.124180
0.124106
0.124031
0.123957
0.123882
0.123808
0.123733
0.123659
0.123584
0.123509
0.123435
0.123360
0.123286
0.123211
0.123137
0.123062
0.122988
0.122913
0.122839
0.122764
0.122690
0.122615
0.122540
0.122466
0.122391
0.122317
0.122242
0.122168
0.122093
0.122019
0.121944
0.121870
0.121795
0.121721
0.121646
0.121571
0.121497
0.121422
0.121348
0.121273
0.121199
0.121124
0.121050
0.120975
0.120901
0.120759
0.120534
0.120310
0.120085
0.119861
0.119636
0.119412
0.119187
0.118963
0.118738
0.118514
0.118289
0.118065
0.117840
0.117616
0.117391
0.117167
0.116943
0.116718
0.116494
0.116269
0.116045
0.115820
0.115596
0.115371
0.115147
0.114922
0.114698
0.114473
0.114249
0.114024
0.113800
0.113575
0.113351
0.113126
0.112902
0.112677
0.112453
0.112228
0.112004
0.111779
0.111555
0.111330
0.111106
0.110882
0.110657
0.110433
0.110208
0.109984
0.109759
0.109535
0.109310
0.109086
0.108861
0.108637
0.108412
0.108188
0.107963
0.107739
0.107514
0.107290
0.107065
0.106841
0.106616
0.106392
0.106167
0.105943
0.105718
0.105494
0.105270
0.105045
0.104821
0.104596
0.104372
0.104147
0.103923
0.103698
0.103474
0.103249
0.103025
0.102866
0.102712
0.102559
0.102405
0.102251
0.102098
0.101944
0.101791
0.101637
0.101483
0.101330
0.101176
0.101023
0.100869
0.100715
0.100562
0.100408
0.100255
0.100101
0.099947
0.099794
0.099640
0.099487
0.099333
0.099179
0.099026
0.098872
0.098719
0.098565
0.098411
0.098258
0.098104
0.097951
0.097797
0.097643
0.097490
0.097336
0.097183
0.097029
0.096875
0.096722
0.096568
0.096415
0.096261
0.096107
0.095954
0.095800
0.095647
0.095493
0.095339
0.095186
0.095032
0.094879
0.094725
0.094571
0.094418
0.094264
0.094111
0.093957
0.093803
0.093650
0.093496
0.093343
0.093189
0.093035
0.092882
0.092728
0.092575
0.092421
0.092267
0.092114
0.091960
0.091807
0.091653
0.091499
0.091346
0.091192
0.091039
0.090885
0.090723
0.090523
0.090323
0.090122
0.089922
0.089722
0.089522
0.089322
0.089122
0.088922
0.088722
0.088522
0.088322
0.088122
0.087922
0.087722
0.087522
0.087322
0.087122
0.086922
0.086722
0.086522
0.086322
0.086122
0.085922
0.085722
0.085521
0.085321
0.085121
0.084921
0.084721
0.084521
0.084321
0.084121
0.083921
0.083721
0.083521
0.083321
0.083121
0.082921
0.082721
0.082521
0.082321
0.082121
0.081921
0.081721
0.081521
0.081321
0.081121
0.080920
0.080720
0.080520
0.080320
0.080120
0.079920
0.079720
0.079520
0.079320
0.079120
0.078920
0.078720
0.078520
0.078320
0.078120
0.077920
0.077720
0.077520
0.077320
0.077120
0.076920
0.076720
0.076519
0.076319
0.076119
0.075919
0.075719
0.075519
0.075319
0.075141
0.075042
0.074942
0.074842
0.074743
0.074643
0.074543
0.074443
0.074344
0.074244
0.074144
0.074044
0.073945
0.073845
0.073745
0.073646
0.073546
0.073446
0.073346
0.073247
0.073147
0.073047
0.072948
0.072848
0.072748
0.072648
0.072549
0.072449
0.072349
0.072249
0.072150
0.072050
0.071950
0.071851
0.071751
0.071651
0.071551
0.071452
0.071352
0.071252
0.071153
0.071053
0.070953
0.070853
0.070754
0.070654
0.070554
0.070454
0.070355
0.070255
0.070155
0.070056
0.069956
0.069856
0.069756
0.069657
0.069557
0.069457
0.069358
0.069258
0.069158
0.069058
0.068959
0.068859
0.068759
0.068660
0.068560
0.068460
0.068360
0.068261
0.068161
0.068061
0.067961
0.067862
0.067762
0.067662
0.067563
0.067463
0.067409
0.067509
0.067609
0.067709
0.067809
0.067909
0.068010
0.068110
0.068210
0.068310
0.068410
0.068510
0.068611
0.068711
0.068811
0.068911
0.069011
0.069111
0.069212
0.069312
0.069412
0.069512
0.069612
0.069712
0.069813
0.069913
0.070013
0.070113
0.070213
0.070313
0.070414
0.070514
0.070614
0.070714
0.070814
0.070914
0.071014
0.071115
0.071215
0.071315
0.071415
0.071515
0.071615
0.071716
0.071816
0.071916
0.072016
0.072116
0.072216
0.072317
0.072417
0.072517
0.072617
0.072717
0.072817
0.072918
0.073018
0.073118
0.073218
0.073318
0.073418
0.073519
0.073619
0.073719
0.073819
0.073919
0.074019
0.074120
0.074220
0.074320
0.074420
0.074520
0.074620
0.074721
0.074821
0.074921
0.075021
0.075121
0.075221
0.075322
0.075343
0.075343
0.075344
0.075345
0.075345
0.075346
0.075347
0.075347
0.075348
0.075349
0.075349
0.075350
0.075350
0.075351
0.075352
0.075352
0.075353
0.075354
0.075354
0.075355
0.075355
0.075356
0.075357
0.075357
0.075358
0.075359
0.075359
0.075360
0.075361
0.075361
0.075362
0.075362
0.075363
0.075364
0.075364
0.075365
0.075366
0.075366
0.075367
0.075367
0.075368
0.075369
0.075369
0.075370
0.075371
0.075371
0.075372
0.075372
0.075373
0.075374
0.075374
0.075375
0.075376
0.075376
0.075377
0.075378
0.075378
0.075379
0.075379
0.075380
0.075381
0.075381
0.075382
0.075383
0.075383
0.075384
0.075384
0.075385
0.075386
0.075386
0.075387
0.075388
0.075388
0.075389
0.075390
0.075390
0.075391
0.075391
0.075392
0.075393
0.075641
0.075955
0.076269
0.076583
0.076897
0.077211
0.077525
0.077839
0.078153
0.078467
0.078780
0.079094
0.079408
0.079722
0.080036
0.080350
0.080664
0.080978
0.081292
0.081606
0.081920
0.082233
0.082547
0.082861
0.083175
0.083489
0.083803
0.084117
0.084431
0.084745
0.085059
0.085372
0.085686
0.086000
0.086314
0.086628
0.086942
0.087256
0.087570
0.087884
0.088198
0.088511
0.088825
0.089139
0.089453
0.089767
0.090081
0.090395
0.090709
0.091023
0.091337
0.091650
0.091964
0.092278
0.092592
0.092906
0.093220
0.093534
0.093848
0.094162
0.094476
0.094789
0.095103
0.095417
0.095731
0.096045
0.096359
0.096673
0.096987
0.097301
0.097615
0.097929
0.098242
0.098556
0.098870
0.099184
0.099498
0.099812
0.100126
0.100440
0.101082
0.101950
0.102819
0.103687
0.104555
0.105424
0.106292
0.107160
0.108028
0.108897
0.109765
0.110633
0.111502
0.112370
0.113238
0.114107
0.114975
0.115843
0.116712
0.117580
0.118448
0.119317
0.120185
0.121053
0.121922
0.122790
0.123658
0.124526
0.125395
0.126263
0.127131
0.128000
0.128868
0.129736
0.130605
0.131473
0.132341
0.133210
0.134078
0.134946
0.135815
0.136683
0.137551
0.138420
0.139288
0.140156
0.141024
0.141893
0.142761
0.143629
0.144498
0.145366
0.146234
0.147103
0.147971
0.148839
0.149708
0.150576
0.151444
0.152313
0.153181
0.154049
0.154918
0.155786
0.156654
0.157522
0.158391
0.159259
0.160127
0.160996
0.161864
0.162732
0.163601
0.164469
0.165337
0.166206
0.167074
0.167942
0.168811
0.169679
0.169374
0.168260
0.167147
0.166033
0.164920
0.163806
0.162693
0.161579
0.160466
0.159352
0.158239
0.157125
0.156012
0.154898
0.153785
0.152671
0.151558
0.150444
0.149331
0.148217
0.147104
0.145990
0.144877
0.143763
0.142650
0.141536
0.140423
0.139309
0.138196
0.137082
0.135969
0.134855
0.133741
0.132628
0.131514
0.130401
0.129287
0.128174
0.127060
0.125947
0.124833
0.123720
0.122606
0.121493
0.120379
0.119266
0.118152
0.117039
0.115925
0.114812
0.113698
0.112585
0.111471
0.110358
0.109244
0.108131
0.107017
0.105904
0.104790
0.103677
0.102563
0.101450
0.100336
0.099223
0.098109
0.096996
0.095882
0.094769
0.093655
0.092542
0.091428
0.090315
0.089201
0.088088
0.086974
0.085861
0.084747
0.083634
0.082520
0.081407
0.080677
0.080212
0.079746
0.079281
0.078816
0.078350
0.077885
0.077420
0.076954
0.076489
0.076024
0.075558
0.075093
0.074628
0.074162
0.073697
0.073232
0.072766
0.072301
0.071836
0.071370
0.070905
0.070440
0.069974
0.069509
0.069044
0.068578
0.068113
0.067648
0.067182
0.066717
0.066251
0.065786
0.065321
0.064855
0.064390
0.063925
0.063459
0.062994
0.062529
0.062063
0.061598
0.061133
0.060667
0.060202
0.059737
0.059271
0.058806
0.058341
0.057875
0.057410
0.056945
0.056479
0.056014
0.055549
0.055083
0.054618
0.054153
0.053687
0.053222
0.052757
0.052291
0.051826
0.051361
0.050895
0.050430
0.049965
0.049499
0.049034
0.048569
0.048103
0.047638
0.047173
0.046707
0.046242
0.045777
0.045311
0.044846
0.044381
0.043915
0.043725
0.043725
0.043725
0.043725
0.043725
0.043725
0.043725
0.043725
0.043725
0.043725
0.043725
0.043725
0.043725
0.043725
0.043725
0.043725
0.043725
0.043725
0.043725
0.043725
0.043725
0.043725
0.043725
0.043725
0.043725
0.043725
0.043725
0.043725
0.043725
0.043725
0.043725
0.043725
0.043725
0.043725
0.043725
0.043725
0.043725
0.043725
0.043725
0.043725
0.043725
0.043725
0.043725
0.043725
0.043725
0.043725
0.043725
0.043725
0.043725
0.043725
0.043725
0.043725
0.043725
0.043725
0.043725
0.043725
0.043725
0.043725
0.043725
0.043725
0.043725
0.043725
0.043725
0.043725
0.043725
0.043725
0.043725
0.043725
0.043725
0.043725
0.043725
0.043725
0.043725
0.043725
