0.655727
0.655727
0.655727
0.655727
0.655727
0.655727
0.655727
0.655727
0.655727
0.655727
0.655727
0.655727
0.655727
0.655727
0.655727
0.655727
0.655727
0.655727
0.655727
0.655727
0.655727
0.655727
0.655727
0.655727
0.655727
0.655727
0.655727
0.655727
0.655727
0.655727
0.655727
0.655727
0.655727
0.655727
0.655727
0.655727
0.655727
0.655727
0.655727
0.655727
0.655727
0.655727
0.655727
0.655727
0.655727
0.655727
0.655727
0.655727
0.655727
0.655727
0.655727
0.655727
0.655727
0.655727
0.655727
0.655727
0.655727
0.655727
0.655727
0.655727
0.655727
0.655727
0.655727
0.655727
0.655727
0.655727
0.655727
0.655727
0.655727
0.649543
0.643002
0.636461
0.629921
0.623380
0.616839
0.610298
0.603757
0.597216
0.590675
0.584134
0.577593
0.571053
0.564512
0.557971
0.551430
0.544889
0.538348
0.531807
0.525266
0.518725
0.512184
0.505644
0.499103
0.492562
0.486021
0.479480
0.472939
0.466398
0.459857
0.453316
0.446776
0.440235
0.433694
0.427153
0.420612
0.414071
0.407530
0.400989
0.394448
0.387908
0.381367
0.374826
0.368285
0.361744
0.355203
0.348662
0.342121
0.335580
0.329039
0.322499
0.315958
0.309417
0.302876
0.296335
0.289794
0.283253
0.276712
0.270171
0.263631
0.257090
0.250549
0.244008
0.237467
0.230926
0.224385
0.217844
0.211303
0.204762
0.198222
0.191681
0.185140
0.178599
0.172058
0.165517
0.158976
0.152435
0.145894
0.139354
0.132813
0.131736
0.130976
0.130215
0.129455
0.128694
0.127934
0.127173
0.126413
0.125652
0.124892
0.124131
0.123371
0.122610
0.121850
0.121089
0.120329
0.119568
0.118808
0.118047
0.117287
0.116526
0.115766
0.115005
0.114245
0.113484
0.112724
0.111963
0.111203
0.110442
0.109682
0.108921
0.108161
0.107400
0.106640
0.105879
0.105119
0.104358
0.103598
0.102837
0.102077
0.101316
0.100555
0.099795
0.099034
0.098274
0.097513
0.096753
0.095992
0.095232
0.094471
0.093711
0.092950
0.092190
0.091429
0.090669
0.089908
0.089148
0.088387
0.087627
0.086866
0.086106
0.085345
0.084585
0.083824
0.083064
0.082303
0.081543
0.080782
0.080022
0.079261
0.078501
0.077740
0.076980
0.076219
0.075459
0.074698
0.073938
0.073177
0.072417
0.071656
0.071299
0.070966
0.070633
0.070299
0.069966
0.069633
0.069299
0.068966
0.068633
0.068299
0.067966
0.067633
0.067299
0.066966
0.066632
0.066299
0.065966
0.065632
0.065299
0.064966
0.064632
0.064299
0.063966
0.063632
0.063299
0.062966
0.062632
0.062299
0.061966
0.061632
0.061299
0.060965
0.060632
0.060299
0.059965
0.059632
0.059299
0.058965
0.058632
0.058299
0.057965
0.057632
0.057299
0.056965
0.056632
0.056299
0.055965
0.055632
0.055298
0.054965
0.054632
0.054298
0.053965
0.053632
0.053298
0.052965
0.052632
0.052298
0.051965
0.051632
0.051298
0.050965
0.050632
0.050298
0.049965
0.049631
0.049298
0.048965
0.048631
0.048298
0.047965
0.047631
0.047298
0.046965
0.046631
0.046298
0.045965
0.045631
0.045298
0.044965
0.044727
0.044495
0.044262
0.044030
0.043798
0.043566
0.043334
0.043102
0.042869
0.042637
0.042405
0.042173
0.041941
0.041709
0.041476
0.041244
0.041012
0.040780
0.040548
0.040316
0.040083
0.039851
0.039619
0.039387
0.039155
0.038922
0.038690
0.038458
0.038226
0.037994
0.037762
0.037529
0.037297
0.037065
0.036833
0.036601
0.036369
0.036136
0.035904
0.035672
0.035440
0.035208
0.034976
0.034743
0.034511
0.034279
0.034047
0.033815
0.033582
0.033350
0.033118
0.032886
0.032654
0.032422
0.032189
0.031957
0.031725
0.031493
0.031261
0.031029
0.030796
0.030564
0.030332
0.030100
0.029868
0.029636
0.029403
0.029171
0.028939
0.028707
0.028475
0.028242
0.028010
0.027778
0.027546
0.027314
0.027082
0.026849
0.026617
0.026385
0.026391
0.026411
0.026431
0.026450
0.026470
0.026490
0.026509
0.026529
0.026549
0.026569
0.026588
0.026608
0.026628
0.026647
0.026667
0.026687
0.026707
0.026726
0.026746
0.026766
0.026785
0.026805
0.026825
0.026845
0.026864
0.026884
0.026904
0.026923
0.026943
0.026963
0.026983
0.027002
0.027022
0.027042
0.027062
0.027081
0.027101
0.027121
0.027140
0.027160
0.027180
0.027200
0.027219
0.027239
0.027259
0.027278
0.027298
0.027318
0.027338
0.027357
0.027377
0.027397
0.027416
0.027436
0.027456
0.027476
0.027495
0.027515
0.027535
0.027555
0.027574
0.027594
0.027614
0.027633
0.027653
0.027673
0.027693
0.027712
0.027732
0.027752
0.027771
0.027791
0.027811
0.027831
0.027850
0.027870
0.027890
0.027909
0.027929
0.027949
0.027953
0.027956
0.027959
0.027962
0.027965
0.027968
0.027971
0.027974
0.027977
0.027981
0.027984
0.027987
0.027990
0.027993
0.027996
0.027999
0.028002
0.028005
0.028008
0.028011
0.028014
0.028017
0.028021
0.028024
0.028027
0.028030
0.028033
0.028036
0.028039
0.028042
0.028045
0.028048
0.028051
0.028054
0.028057
0.028061
0.028064
0.028067
0.028070
0.028073
0.028076
0.028079
0.028082
0.028085
0.028088
0.028091
0.028094
0.028097
0.028101
0.028104
0.028107
0.028110
0.028113
0.028116
0.028119
0.028122
0.028125
0.028128
0.028131
0.028134
0.028137
0.028141
0.028144
0.028147
0.028150
0.028153
0.028156
0.028159
0.028162
0.028165
0.028168
0.028171
0.028174
0.028177
0.028181
0.028184
0.028187
0.028190
0.028193
0.028196
0.028200
0.028204
0.028209
0.028213
0.028217
0.028221
0.028226
0.028230
0.028234
0.028238
0.028242
0.028247
0.028251
0.028255
0.028259
0.028264
0.028268
0.028272
0.028276
0.028281
0.028285
0.028289
0.028293
0.028298
0.028302
0.028306
0.028310
0.028315
0.028319
0.028323
0.028327
0.028331
0.028336
0.028340
0.028344
0.028348
0.028353
0.028357
0.028361
0.028365
0.028370
0.028374
0.028378
0.028382
0.028387
0.028391
0.028395
0.028399
0.028404
0.028408
0.028412
0.028416
0.028420
0.028425
0.028429
0.028433
0.028437
0.028442
0.028446
0.028450
0.028454
0.028459
0.028463
0.028467
0.028471
0.028476
0.028480
0.028484
0.028488
0.028493
0.028497
0.028501
0.028505
0.028509
0.028514
0.028518
0.028522
0.028526
0.028531
0.028535
0.028542
0.028549
0.028556
0.028563
0.028570
0.028577
0.028584
0.028591
0.028598
0.028605
0.028612
0.028619
0.028626
0.028633
0.028640
0.028647
0.028654
0.028661
0.028668
0.028675
0.028682
0.028689
0.028696
0.028703
0.028710
0.028717
0.028724
0.028731
0.028738
0.028745
0.028752
0.028759
0.028766
0.028773
0.028780
0.028787
0.028794
0.028801
0.028808
0.028815
0.028822
0.028829
0.028836
0.028843
0.028850
0.028857
0.028864
0.028871
0.028878
0.028885
0.028892
0.028899
0.028906
0.028913
0.028920
0.028927
0.028934
0.028941
0.028948
0.028955
0.028962
0.028969
0.028976
0.028983
0.028990
0.028997
0.029004
0.029011
0.029018
0.029025
0.029032
0.029039
0.029046
0.029053
0.029060
0.029067
0.029074
0.029117
0.029205
0.029293
0.029381
0.029470
0.029558
0.029646
0.029735
0.029823
0.029911
0.030000
0.030088
0.030176
0.030264
0.030353
0.030441
0.030529
0.030618
0.030706
0.030794
0.030883
0.030971
0.031059
0.031147
0.031236
0.031324
0.031412
0.031501
0.031589
0.031677
0.031765
0.031854
0.031942
0.032030
0.032119
0.032207
0.032295
0.032384
0.032472
0.032560
0.032648
0.032737
0.032825
0.032913
0.033002
0.033090
0.033178
0.033267
0.033355
0.033443
0.033531
0.033620
0.033708
0.033796
0.033885
0.033973
0.034061
0.034150
0.034238
0.034326
0.034410
0.034414
0.034418
0.034421
0.034425
0.034428
0.034432
0.034436
0.034439
0.034443
0.034447
0.034450
0.034454
0.034457
0.034461
0.034465
0.034468
0.034472
0.034475
0.034479
0.034483
0.034486
0.034490
0.034493
0.034497
0.034501
0.034504
0.034508
0.034512
0.034515
0.034519
0.034522
0.034526
0.034530
0.034533
0.034537
0.034540
0.034544
0.034548
0.034551
0.034555
0.034558
0.034562
0.034566
0.034569
0.034573
0.034577
0.034580
0.034584
0.034568
0.034523
0.034478
0.034433
0.034388
0.034343
0.034298
0.034253
0.034207
0.034162
0.034117
0.034072
0.034027
0.033982
0.033937
0.033892
0.033847
0.033802
0.033757
0.033712
0.033667
0.033622
0.033577
0.033532
0.033487
0.033442
0.033397
0.033351
0.033306
0.033261
0.033216
0.033171
0.033126
0.033081
0.033036
0.032991
0.032946
0.032901
0.032856
0.032811
0.032766
0.032856
0.032968
0.033081
0.033194
0.033307
0.033420
0.033532
0.033645
0.033758
0.033871
0.033984
0.034096
0.034209
0.034322
0.034435
0.034548
0.034660
0.034773
0.034886
0.034999
0.035112
0.035224
0.035337
0.035450
0.035563
0.035676
0.035788
0.035901
0.036014
0.036127
0.036240
0.036352
0.036465
0.036540
0.036582
0.036624
0.036667
0.036709
0.036752
0.036794
0.036837
0.036879
0.036921
0.036964
0.037006
0.037049
0.037091
0.037133
0.037176
0.037218
0.037261
0.037303
0.037346
0.037388
0.037430
0.037473
0.037515
0.037558
0.037600
0.037643
0.037685
0.037541
0.037382
0.037223
0.037063
0.036904
0.036745
0.036585
0.036426
0.036267
0.036108
0.035948
0.035789
0.035630
0.035471
0.035311
0.035152
0.034993
0.034833
0.034674
0.034515
0.034356
0.034196
0.034037
0.034061
0.034453
0.034845
0.035237
0.035628
0.036020
0.036412
0.036804
0.037195
0.037587
0.037979
0.038371
0.038762
0.039154
0.039546
0.039938
0.040329
0.040721
0.041113
0.041505
0.041896
0.042336
0.042806
0.043277
0.043748
0.044218
0.044689
0.045160
0.045630
0.046101
0.046572
0.047043
0.047513
0.047984
0.048455
0.048925
0.049396
0.049867
0.050338
0.050979
0.051715
0.052450
0.053185
0.053920
0.054655
0.055390
0.056125
0.056860
0.057596
0.058331
0.059066
0.059801
0.060536
0.061271
0.062021
0.062955
0.063888
0.064822
0.065755
0.066689
0.067622
0.068556
0.069489
0.070423
0.071357
0.072290
0.073224
0.074157
0.075091
0.076025
0.076958
0.077892
0.078826
0.079760
0.080694
0.081628
0.082562
0.083496
0.084429
0.085363
0.086297
0.088197
0.090514
0.092831
0.095148
0.097465
0.099782
0.102099
0.104416
0.106732
0.109049
0.111366
0.113141
0.114140
0.115139
0.116137
0.117136
0.118135
0.119133
0.120132
0.121131
0.122129
0.123463
0.126175
0.128886
0.131598
0.134309
0.137021
0.139732
0.142443
0.145155
0.147866
0.149231
0.149643
0.150056
0.150468
0.150880
0.151293
0.151705
0.152117
0.152529
0.153120
0.153778
0.154436
0.155094
0.155752
0.156411
0.157069
0.157727
0.158825
0.161096
0.163367
0.165637
0.167908
0.170179
0.172449
0.174720
0.175754
0.175615
0.175476
0.175338
0.175199
0.175060
0.174922
0.175034
0.176075
0.177116
0.178157
0.182147
0.186689
0.191232
0.193745
0.194498
0.195252
0.196981
0.201292
0.205602
0.210242
0.217785
0.225329
0.232691
0.233118
0.233545
0.233742
0.228495
0.223248
0.219995
0.224669
0.229342
0.234568
0.240736
0.246903
0.247520
0.243700
0.239879
0.245032
0.251279
0.257440
0.263382
0.269324
0.269076
0.266141
0.263266
0.260775
0.258284
0.257367
0.257525
0.257881
0.259192
0.260502
0.264745
0.269542
0.269620
0.265383
0.263253
0.266231
0.268925
0.266904
0.264882
0.265273
0.266087
0.273530
0.284264
0.290888
0.293306
0.293499
0.290934
0.288435
0.286018
0.285461
0.286990
0.290413
0.295686
0.299011
0.300900
0.302082
0.302899
0.312606
0.324469
0.327336
0.327911
0.319095
0.306721
0.289917
0.285348
0.285549
0.285170
0.286539
0.291257
0.298408
0.306589
0.311422
0.309465
0.296666
0.288913
0.284111
0.284487
0.291509
0.302230
0.315337
0.326126
0.335178
0.341068
0.344379
0.345720
0.346847
0.350883
0.357638
0.369903
0.379692
0.388110
0.396037
0.408874
0.429479
0.460409
0.472065
0.488390
0.509321
0.532033
0.563453
0.583989
0.580640
0.580846
0.577214
0.576338
0.591387
0.568883
0.575462
0.608344
0.641465
0.654690
0.695062
0.756044
0.778265
0.813968
0.850757
0.879992
0.942250
0.988301
1.016952
1.064301
1.109163
1.147538
1.148256
1.187491
1.261362
1.460440
1.662493
1.866967
2.116455
2.416753
2.808771
3.335219
3.922945
4.755985
5.589688
6.413880
7.678216
9.856178
12.710368
16.511947
21.536472
29.320920
36.974614
41.253247
45.531879
50.967936
57.005331
64.335395
76.610904
88.886414
105.876541
125.615239
145.353938
215.229172
289.447896
385.541289
786.877824
1188.214358
1594.307452
2088.080389
2581.853326
3075.626263
3032.136456
2961.724897
2891.313337
2775.109374
2640.831968
2506.554562
2406.333607
2357.527486
2308.721365
2259.915244
2153.816580
2044.886124
1935.955669
1849.326099
1788.612467
1727.898836
1667.185204
1578.690459
1485.407781
1392.125104
1298.339174
1202.083596
1105.828018
1009.572440
930.180272
881.304672
832.429072
783.553472
740.709388
705.148090
669.586793
634.025496
608.470091
596.247504
584.024918
571.802331
553.179059
515.284566
477.390074
439.495582
401.601090
389.345341
378.590930
367.836518
357.082107
344.293319
329.536445
314.779571
300.022698
285.265824
264.319180
242.854166
221.389152
199.924137
181.752726
169.765553
157.778381
145.791208
133.804035
127.796825
122.535650
117.274474
112.013298
106.067086
99.464546
92.862006
86.259467
77.611702
62.417979
47.224256
32.030533
17.384790
13.763282
10.141775
6.520268
2.898760
2.309964
1.815612
1.321261
0.838244
0.717192
0.596140
0.475087
0.373036
0.322028
0.271020
0.220013
0.180528
0.145950
0.111372
0.082451
0.067022
0.051594
0.037054
0.031095
0.025137
0.019562
0.016858
0.014154
0.011965
0.010739
0.009513
0.008386
0.007290
0.006405
0.005916
0.005454
0.005237
0.005020
0.004649
0.004268
0.004248
0.004289
0.003976
0.003600
0.003823
0.004093
0.004362
0.004547
0.004525
0.005639
0.007653
0.011398
0.016914
0.026161
0.041286
0.058763
0.076848
0.096867
0.114561
0.124223
0.139368
0.152770
0.156197
0.171524
0.192585
0.221470
0.243100
0.257201
0.269633
0.285315
0.317582
0.352491
0.390166
0.430692
0.468879
0.474133
0.485221
0.506347
0.531372
0.558869
0.580522
0.599918
0.606331
0.612480
0.618034
0.626047
0.635876
0.634413
0.629983
0.627988
0.624903
0.619283
0.622299
0.632633
0.661635
0.695072
0.716555
0.734697
0.743050
0.744298
0.738371
0.781557
0.838770
0.851501
0.855198
0.840082
0.871814
0.929165
0.949304
0.964534
0.967658
0.980281
0.999267
1.058706
1.118800
1.141627
1.175211
1.223262
1.208988
1.172791
1.188706
1.191656
1.160038
1.185710
1.251364
1.312144
1.369626
1.417283
1.443847
1.450002
1.418469
1.389483
1.450871
1.501597
1.537819
1.540750
1.529133
1.527503
1.522141
1.505348
1.530173
1.588678
1.654157
1.702438
1.647342
1.627412
1.651249
1.706583
1.762791
1.744177
1.707238
1.641276
1.702750
1.821530
1.823666
1.824337
1.826423
1.814499
1.791733
1.785583
1.800850
1.917031
1.997404
2.035170
2.000818
1.954663
2.013258
2.069553
2.121982
2.208141
2.312878
2.294681
2.263056
2.234514
2.179585
2.092598
2.092412
2.125963
2.179600
2.236172
2.300247
2.385627
2.486947
2.375761
2.245008
2.175976
2.168267
2.238696
2.363764
2.511677
2.581428
2.600074
2.445815
2.388646
2.430585
2.541716
2.669583
2.604452
2.540580
2.479976
2.502673
2.599994
2.701008
2.802810
2.817853
2.802284
2.695622
2.688413
2.782260
2.895147
3.006198
2.951021
2.928781
2.979081
3.043882
3.120740
3.079709
3.003719
3.084863
3.139249
3.113621
3.062202
2.983020
2.945560
2.925091
3.003143
3.078281
3.127069
3.132815
3.073883
3.063817
3.089628
3.123790
3.160829
3.161958
3.156593
3.114574
3.093662
3.134437
3.198759
3.294366
3.272300
3.175625
3.192266
3.238728
3.204803
3.174130
3.175443
3.227857
3.376849
3.453294
3.466243
3.324834
3.115069
3.290604
3.534402
3.395385
3.290253
3.483844
3.653737
3.750797
3.785899
3.712110
3.708216
3.783294
3.864352
3.950125
4.220980
4.590814
4.589694
4.448531
4.561137
4.734915
4.663262
4.556256
4.591355
4.637356
4.872467
5.103847
4.945198
4.801290
5.048496
5.276565
5.161552
5.055109
5.055597
5.075256
5.320030
5.553435
5.592596
5.623449
5.299131
4.977437
5.362714
5.747991
5.671382
5.565470
5.526933
5.497788
5.678641
5.911157
5.780018
5.509938
5.384133
5.343055
5.362441
5.439649
5.422212
5.256184
5.134718
5.146772
5.177945
5.416381
5.654818
5.466635
5.231548
5.323070
5.551956
5.646326
5.595923
5.557820
5.556890
5.554306
5.473217
5.392129
5.439919
5.531872
5.697078
5.953915
6.160293
5.981920
5.803546
5.720180
5.663298
5.678232
5.788139
5.890423
5.833501
5.776578
5.808109
5.890613
5.956593
5.963159
5.969725
5.911414
5.833518
5.732675
5.569318
5.405961
5.405267
5.462664
5.509642
5.513221
5.516800
5.490393
5.443718
5.397043
5.312515
5.226359
5.143393
5.068522
4.993650
4.954344
4.940787
4.927231
4.911534
4.895435
4.888651
4.974079
5.059507
5.125342
5.142171
5.159000
5.189451
5.239744
5.290038
5.225372
5.030169
4.834966
4.754063
4.816212
4.878361
4.900684
4.851113
4.801542
4.768437
4.786784
4.805131
4.819486
4.814289
4.809092
4.807151
4.827255
4.847359
4.858920
4.808267
4.757614
4.711620
4.689293
4.666966
4.663564
4.723427
4.783289
4.837853
4.881847
4.925841
4.944034
4.934010
4.923986
4.943625
4.979134
5.014642
4.987009
4.946747
4.910078
4.953120
4.996161
5.028985
5.034467
5.039948
5.014244
4.959463
4.904681
4.919386
4.953073
4.986841
5.021655
5.056468
5.041714
4.944883
4.848052
4.785550
4.737319
4.691202
4.690045
4.688888
4.681782
4.665771
4.649761
4.636654
4.624475
4.616295
4.633965
4.651636
4.694576
4.761402
4.828228
4.789551
4.740701
4.698927
4.672162
4.645397
4.654909
4.677525
4.694175
4.678219
4.662264
4.690027
4.750853
4.811425
4.818794
4.826163
4.819529
4.796850
4.774171
4.752202
4.730304
4.711840
4.699767
4.687695
4.689844
4.695697
4.685455
4.626535
4.567615
4.515642
4.466606
4.439767
4.511266
4.582765
4.584249
4.550483
4.526625
4.567635
4.608645
4.593412
4.540920
4.493207
4.514394
4.535580
4.557919
4.581337
4.604755
4.615587
4.625955
4.628118
4.618658
4.609198
4.605676
4.603130
4.604901
4.616344
4.627788
4.663054
4.706081
4.749312
4.793397
4.837483
4.849748
4.842880
4.833845
4.783521
4.733196
4.675178
4.608310
4.541441
4.535136
4.538103
4.535890
4.517780
4.499669
4.496833
4.502971
4.509109
4.512761
4.516405
4.515188
4.505288
4.495388
4.525956
4.573639
4.620254
4.606174
4.592093
4.583046
4.584981
4.586916
4.608936
4.644525
4.680115
4.664755
4.641017
4.621834
4.641596
4.661358
4.674939
4.676452
4.677965
4.669595
4.653116
4.636636
4.634786
4.637957
4.641128
4.648262
4.655730
4.661749
4.643104
4.624459
4.609350
4.612432
4.615515
4.620436
4.630980
4.641525
4.653669
4.669775
4.685881
4.696823
4.695315
4.693807
4.702449
4.740367
4.778286
4.812838
4.832573
4.852308
4.869377
4.847696
4.826015
4.804334
4.801421
4.800578
4.799735
4.802995
4.808198
4.813401
4.813943
4.807695
4.801447
4.795496
4.793176
4.790856
4.788536
4.785134
4.781262
4.777391
4.783156
4.815810
4.848465
4.881119
4.879426
4.867388
4.855351
4.839823
4.809033
4.778243
4.747452
4.776571
4.853747
4.930923
5.008098
5.019815
5.030886
5.041958
5.065097
5.100305
5.135513
5.170192
5.196818
5.223444
5.250070
5.255870
5.252551
5.249233
5.263665
5.306203
5.348742
5.389797
5.420296
5.450795
5.481294
5.512552
5.543896
5.575240
5.628040
5.689383
5.750726
5.757635
5.723901
5.690167
5.694561
5.743043
5.791524
5.830405
5.854053
5.877702
5.894411
5.898047
5.901684
5.918527
5.960994
6.003461
6.028629
6.023573
6.018516
6.025844
6.051000
6.076157
6.090358
6.092698
6.095039
6.124699
6.175239
6.225779
6.276203
6.326572
6.376941
6.385007
6.382889
6.380770
6.384034
6.387530
6.397846
6.455517
6.513188
6.547976
6.531510
6.515045
6.517766
6.539247
6.560728
6.604898
6.658124
6.711350
6.747581
6.782646
6.813823
6.825691
6.837559
6.848596
6.858444
6.868292
6.887570
6.911572
6.935574
6.939734
6.942370
6.950962
6.984029
7.017097
7.037320
7.042934
7.048548
7.104739
7.178125
7.248829
7.236318
7.223808
7.217287
7.223789
7.230292
7.287980
7.381028
7.474075
7.475877
7.465262
7.458132
7.467692
7.477251
7.482912
7.484082
7.485251
7.533919
7.598344
7.661903
7.702622
7.743340
7.770935
7.771237
7.771539
7.764108
7.751649
7.739190
7.819823
7.913155
7.988356
7.958343
7.928331
7.941122
8.014666
8.088211
8.117008
8.123413
8.129817
8.129541
8.128580
8.136137
8.196999
8.257861
8.292945
8.281949
8.270954
8.272880
8.284476
8.296072
8.356660
8.431452
8.506244
8.527075
8.545384
8.565973
8.603052
8.640132
8.654328
8.606521
8.558714
8.541612
8.570892
8.600172
8.609726
8.600202
8.590678
8.626241
8.692172
8.758103
8.794088
8.814992
8.835897
8.825829
8.803093
8.780358
8.810447
8.860585
8.910723
8.957371
9.002623
9.047874
9.046152
9.021969
8.997785
9.012529
9.052829
9.093130
9.138687
9.189617
9.240547
9.261867
9.227084
9.192302
9.165378
9.181444
9.197510
9.213575
9.209750
9.204195
9.198640
9.211240
9.234189
9.257139
9.272203
9.268414
9.264624
9.260834
9.236389
9.209877
9.183365
9.197005
9.256973
9.316940
9.376908
9.375109
9.370422
9.365735
9.356344
9.339114
9.321883
9.304652
9.330989
9.374297
9.417605
9.460913
9.459639
9.457692
9.455745
9.467286
9.512461
9.557636
9.602811
9.660623
9.724631
9.788639
9.858473
9.964825
10.071177
10.177529
10.183490
10.142453
10.101416
10.098619
10.187429
10.276238
10.365048
10.320720
10.271761
10.222802
10.268656
10.356773
10.444891
10.538183
10.637373
10.736564
10.803125
10.789264
10.775403
10.767879
10.796915
10.825952
10.854117
10.858207
10.862297
10.866387
10.920618
10.976296
11.031975
11.059234
11.084836
11.110437
11.202522
11.298106
11.393691
11.414985
11.435193
11.453852
11.442441
11.431031
11.430973
11.502072
11.573171
11.619297
11.592811
11.566324
11.583142
11.664185
11.745228
11.776055
11.768676
11.761297
11.804380
11.863632
11.922884
11.913864
11.902195
11.908932
11.998580
12.088228
12.136272
12.126452
12.116631
12.126377
12.145777
12.165177
12.262963
12.366465
12.437409
12.384108
12.330806
12.331731
12.388842
12.445954
12.504936
12.564409
12.618328
12.623596
12.628865
12.656992
12.716872
12.776753
12.761311
12.720272
12.686892
12.738418
12.789944
12.825707
12.840306
12.854905
12.959174
13.089433
13.207129
13.238110
13.269092
13.259160
13.204282
13.149405
13.193864
13.258539
13.306285
13.281682
13.257079
13.315927
13.441983
13.568040
13.608709
13.641622
13.681997
13.741710
13.801423
13.812820
13.796574
13.780329
13.877449
13.976593
14.090972
14.236156
14.381340
14.486035
14.571581
14.656405
14.710033
14.763662
14.858878
15.030533
15.202187
15.371826
15.540487
15.709149
15.868235
16.027155
16.182268
16.327701
16.473133
16.626896
16.786944
16.946991
17.127488
17.311783
17.489076
17.604413
17.719751
17.878522
18.119571
18.360621
18.652659
18.982508
19.312357
19.459081
19.556881
19.654681
19.960134
20.267918
20.537551
20.623781
20.710012
20.850598
21.102092
21.353586
21.622199
21.911345
22.200492
22.430354
22.614348
22.798343
23.094927
23.452739
23.810551
24.065863
24.278499
24.491135
24.731794
24.982294
25.232795
25.400597
25.540086
25.679575
26.106318
26.642748
27.179178
27.526081
27.777861
28.029642
28.290990
28.559583
28.828177
29.148851
29.536148
29.923445
30.229806
30.314357
30.398908
30.500604
31.021138
31.541672
32.062205
32.412520
32.707260
33.002001
33.356207
33.796244
34.236280
34.675466
34.807463
34.939461
35.071458
35.444194
36.024749
36.605305
37.185860
37.506263
37.826049
38.145834
38.496259
38.900708
39.305156
39.709605
40.052173
40.363039
40.673904
40.987129
41.791241
42.595353
43.399464
44.120099
44.727441
45.334782
45.942124
46.498209
47.049837
47.601464
48.217314
48.902302
49.587290
50.233143
50.544717
50.856291
51.167864
51.953930
52.873994
53.794059
54.631105
55.386595
56.142085
56.773806
57.083920
57.394035
57.757425
58.650659
59.543894
60.437128
61.019947
61.585504
62.151061
62.770751
63.400419
64.030088
65.126181
66.352294
67.578408
68.112911
68.417562
68.722213
69.407213
70.223304
71.039395
71.632536
72.153609
72.674683
73.515987
74.436717
75.357448
75.731111
76.025982
76.320853
76.538670
76.754160
77.022310
77.837052
78.651794
79.466381
80.280427
81.094474
81.600748
81.605334
81.609920
82.030590
82.782318
83.534047
84.066793
84.527340
84.987888
85.328690
85.664648
86.027601
86.514384
87.001167
87.406661
87.692522
87.978383
88.295261
88.629556
88.963852
89.373377
89.792477
90.168736
90.288516
90.408296
90.319001
89.925229
89.531457
89.877565
90.574370
91.271175
91.374204
91.445590
91.464403
91.309786
91.155169
91.394633
91.999471
92.604310
92.496324
92.218229
91.944361
91.708631
91.472900
91.598057
92.273767
92.949477
92.812051
92.315961
91.819870
91.835948
91.856063
92.009209
92.488426
92.967643
92.876668
92.379918
91.883167
91.876238
91.939756
92.089934
92.695545
93.301156
93.528775
93.280043
93.031310
92.978866
93.002194
93.025521
92.725709
92.424047
92.167609
92.040300
91.912991
91.811599
91.734249
91.656899
91.867699
92.167525
92.462139
91.934121
91.406103
90.976017
90.859910
90.743803
90.735812
90.855930
90.976049
90.849671
90.598683
90.347695
90.784157
91.336152
91.853693
91.357351
90.861010
90.431786
90.283006
90.134226
90.133367
90.426216
90.719066
90.770663
90.534273
90.297884
90.055798
89.809153
89.562508
89.561504
89.703765
89.846025
89.515630
88.964618
88.413607
88.804301
89.590385
90.376469
89.948043
88.989602
88.031160
87.777602
87.891003
88.004403
87.834789
87.466766
