0.655727
0.655727
0.655727
0.655727
0.655727
0.655727
0.655727
0.655727
0.655727
0.655727
0.655727
0.655727
0.655727
0.655727
0.655727
0.655727
0.655727
0.655727
0.655727
0.655727
0.655727
0.655727
0.655727
0.655727
0.655727
0.655727
0.655727
0.655727
0.655727
0.655727
0.655727
0.655727
0.655727
0.655727
0.655727
0.655727
0.655727
0.655727
0.655727
0.655727
0.655727
0.655727
0.655727
0.655727
0.655727
0.655727
0.655727
0.655727
0.655727
0.655727
0.655727
0.655727
0.655727
0.655727
0.655727
0.655727
0.655727
0.655727
0.655727
0.655727
0.655727
0.655727
0.655727
0.655727
0.655727
0.655727
0.655727
0.655727
0.655727
0.649707
0.643339
0.636971
0.630603
0.624236
0.617868
0.611500
0.605132
0.598764
0.592397
0.586029
0.579661
0.573293
0.566925
0.560557
0.554190
0.547822
0.541454
0.535086
0.528718
0.522350
0.515983
0.509615
0.503247
0.496879
0.490511
0.484144
0.477776
0.471408
0.465040
0.458672
0.452304
0.445937
0.439569
0.433201
0.426833
0.420465
0.414098
0.407730
0.401362
0.394994
0.388626
0.382258
0.375891
0.369523
0.363155
0.356787
0.350419
0.344051
0.337684
0.331316
0.324948
0.318580
0.312212
0.305845
0.299477
0.293109
0.286741
0.280373
0.274005
0.267638
0.261270
0.254902
0.248534
0.242166
0.235799
0.229431
0.223063
0.216695
0.210327
0.203959
0.197592
0.191224
0.184856
0.178488
0.172120
0.165752
0.159385
0.153017
0.146649
0.145631
0.144922
0.144213
0.143504
0.142796
0.142087
0.141378
0.140669
0.139960
0.139251
0.138542
0.137833
0.137125
0.136416
0.135707
0.134998
0.134289
0.133580
0.132871
0.132163
0.131454
0.130745
0.130036
0.129327
0.128618
0.127909
0.127200
0.126492
0.125783
0.125074
0.124365
0.123656
0.122947
0.122238
0.121529
0.120821
0.120112
0.119403
0.118694
0.117985
0.117276
0.116567
0.115859
0.115150
0.114441
0.113732
0.113023
0.112314
0.111605
0.110896
0.110188
0.109479
0.108770
0.108061
0.107352
0.106643
0.105934
0.105225
0.104517
0.103808
0.103099
0.102390
0.101681
0.100972
0.100263
0.099555
0.098846
0.098137
0.097428
0.096719
0.096010
0.095301
0.094592
0.093884
0.093175
0.092466
0.091757
0.091048
0.090339
0.089630
0.089159
0.088702
0.088245
0.087788
0.087331
0.086873
0.086416
0.085959
0.085502
0.085045
0.084587
0.084130
0.083673
0.083216
0.082759
0.082301
0.081844
0.081387
0.080930
0.080473
0.080015
0.079558
0.079101
0.078644
0.078187
0.077729
0.077272
0.076815
0.076358
0.075901
0.075444
0.074986
0.074529
0.074072
0.073615
0.073158
0.072700
0.072243
0.071786
0.071329
0.070872
0.070414
0.069957
0.069500
0.069043
0.068586
0.068128
0.067671
0.067214
0.066757
0.066300
0.065842
0.065385
0.064928
0.064471
0.064014
0.063556
0.063099
0.062642
0.062185
0.061728
0.061270
0.060813
0.060356
0.059899
0.059442
0.058984
0.058527
0.058070
0.057613
0.057156
0.056698
0.056241
0.055784
0.055327
0.054870
0.054412
0.053955
0.053498
0.053041
0.052757
0.052482
0.052208
0.051934
0.051660
0.051385
0.051111
0.050837
0.050563
0.050289
0.050014
0.049740
0.049466
0.049192
0.048917
0.048643
0.048369
0.048095
0.047821
0.047546
0.047272
0.046998
0.046724
0.046449
0.046175
0.045901
0.045627
0.045352
0.045078
0.044804
0.044530
0.044256
0.043981
0.043707
0.043433
0.043159
0.042884
0.042610
0.042336
0.042062
0.041787
0.041513
0.041239
0.040965
0.040691
0.040416
0.040142
0.039868
0.039594
0.039319
0.039045
0.038771
0.038497
0.038222
0.037948
0.037674
0.037400
0.037126
0.036851
0.036577
0.036303
0.036029
0.035754
0.035480
0.035206
0.034932
0.034657
0.034383
0.034109
0.033835
0.033561
0.033286
0.033012
0.032738
0.032464
0.032189
0.031915
0.031641
0.031367
0.031092
0.031063
0.031047
0.031032
0.031016
0.031001
0.030985
0.030970
0.030954
0.030939
0.030923
0.030908
0.030892
0.030877
0.030861
0.030846
0.030830
0.030815
0.030799
0.030784
0.030769
0.030753
0.030738
0.030722
0.030707
0.030691
0.030676
0.030660
0.030645
0.030629
0.030614
0.030598
0.030583
0.030567
0.030552
0.030536
0.030521
0.030505
0.030490
0.030474
0.030459
0.030443
0.030428
0.030412
0.030397
0.030381
0.030366
0.030350
0.030335
0.030319
0.030304
0.030288
0.030273
0.030257
0.030242
0.030226
0.030211
0.030195
0.030180
0.030164
0.030149
0.030133
0.030118
0.030102
0.030087
0.030071
0.030056
0.030040
0.030025
0.030009
0.029994
0.029978
0.029963
0.029947
0.029932
0.029916
0.029901
0.029885
0.029870
0.029854
0.029839
0.029787
0.029733
0.029678
0.029624
0.029570
0.029515
0.029461
0.029407
0.029353
0.029298
0.029244
0.029190
0.029136
0.029081
0.029027
0.028973
0.028918
0.028864
0.028810
0.028756
0.028701
0.028647
0.028593
0.028539
0.028484
0.028430
0.028376
0.028321
0.028267
0.028213
0.028159
0.028104
0.028050
0.027996
0.027941
0.027887
0.027833
0.027779
0.027724
0.027670
0.027616
0.027562
0.027507
0.027453
0.027399
0.027344
0.027290
0.027236
0.027182
0.027127
0.027073
0.027019
0.026965
0.026910
0.026856
0.026802
0.026747
0.026693
0.026639
0.026585
0.026530
0.026476
0.026422
0.026367
0.026313
0.026259
0.026205
0.026150
0.026096
0.026042
0.025988
0.025933
0.025879
0.025825
0.025770
0.025716
0.025662
0.025608
0.025553
0.025499
0.025500
0.025503
0.025507
0.025510
0.025514
0.025518
0.025521
0.025525
0.025529
0.025532
0.025536
0.025539
0.025543
0.025547
0.025550
0.025554
0.025558
0.025561
0.025565
0.025569
0.025572
0.025576
0.025579
0.025583
0.025587
0.025590
0.025594
0.025598
0.025601
0.025605
0.025608
0.025612
0.025616
0.025619
0.025623
0.025627
0.025630
0.025634
0.025637
0.025641
0.025645
0.025648
0.025652
0.025656
0.025659
0.025663
0.025667
0.025670
0.025674
0.025677
0.025681
0.025685
0.025688
0.025692
0.025696
0.025699
0.025703
0.025706
0.025710
0.025714
0.025717
0.025721
0.025725
0.025728
0.025732
0.025735
0.025739
0.025743
0.025746
0.025750
0.025754
0.025757
0.025761
0.025765
0.025768
0.025772
0.025775
0.025779
0.025783
0.025786
0.025780
0.025773
0.025766
0.025759
0.025752
0.025745
0.025737
0.025730
0.025723
0.025716
0.025709
0.025702
0.025695
0.025688
0.025681
0.025674
0.025667
0.025660
0.025653
0.025646
0.025639
0.025632
0.025624
0.025617
0.025610
0.025603
0.025596
0.025589
0.025582
0.025575
0.025568
0.025561
0.025554
0.025547
0.025540
0.025533
0.025526
0.025519
0.025512
0.025504
0.025497
0.025490
0.025483
0.025476
0.025469
0.025462
0.025455
0.025448
0.025441
0.025434
0.025427
0.025420
0.025413
0.025406
0.025399
0.025392
0.025384
0.025377
0.025370
0.025363
0.025356
0.025349
0.025342
0.025335
0.025328
0.025321
0.025314
0.025307
0.025300
0.025293
0.025286
0.025279
0.025272
0.025264
0.025257
0.025250
0.025243
0.025236
0.025229
0.025225
0.025260
0.025296
0.025332
0.025367
0.025403
0.025438
0.025474
0.025509
0.025545
0.025580
0.025616
0.025651
0.025687
0.025722
0.025758
0.025794
0.025829
0.025865
0.025900
0.025936
0.025971
0.026007
0.026042
0.026078
0.026113
0.026149
0.026184
0.026220
0.026255
0.026291
0.026327
0.026362
0.026398
0.026433
0.026469
0.026504
0.026540
0.026575
0.026611
0.026646
0.026682
0.026717
0.026753
0.026789
0.026824
0.026860
0.026895
0.026931
0.026966
0.027002
0.027037
0.027073
0.027108
0.027144
0.027179
0.027215
0.027250
0.027286
0.027322
0.027357
0.027393
0.027428
0.027464
0.027499
0.027535
0.027570
0.027606
0.027641
0.027675
0.027710
0.027744
0.027778
0.027812
0.027847
0.027881
0.027915
0.027950
0.027984
0.028018
0.028053
0.028087
0.028121
0.028155
0.028190
0.028224
0.028258
0.028293
0.028327
0.028361
0.028395
0.028430
0.028464
0.028498
0.028533
0.028567
0.028601
0.028635
0.028670
0.028704
0.028738
0.028773
0.028807
0.028841
0.028875
0.028910
0.028944
0.028978
0.029013
0.029047
0.029081
0.029115
0.029150
0.029184
0.029218
0.029253
0.029287
0.029321
0.029355
0.029390
0.029424
0.029467
0.029511
0.029556
0.029600
0.029645
0.029689
0.029734
0.029778
0.029822
0.029867
0.029911
0.029956
0.030000
0.030045
0.030089
0.030134
0.030178
0.030223
0.030267
0.030312
0.030356
0.030400
0.030445
0.030489
0.030534
0.030578
0.030623
0.030667
0.030712
0.030756
0.030801
0.030845
0.030889
0.030934
0.030978
0.031023
0.031067
0.031112
0.031156
0.031201
0.031245
0.031290
0.031324
0.031344
0.031364
0.031383
0.031403
0.031423
0.031443
0.031463
0.031483
0.031503
0.031522
0.031542
0.031562
0.031582
0.031602
0.031622
0.031642
0.031661
0.031681
0.031701
0.031721
0.031741
0.031761
0.031781
0.031800
0.031820
0.031840
0.031860
0.031880
0.031900
0.031920
0.031940
0.031959
0.031979
0.031999
0.032019
0.032039
0.032148
0.032304
0.032459
0.032615
0.032770
0.032926
0.033082
0.033237
0.033393
0.033548
0.033704
0.033859
0.034015
0.034170
0.034326
0.034481
0.034637
0.034793
0.034948
0.035104
0.035259
0.035415
0.035570
0.035726
0.035881
0.036037
0.036193
0.036348
0.036504
0.036659
0.036815
0.036947
0.037017
0.037086
0.037156
0.037226
0.037295
0.037365
0.037434
0.037504
0.037574
0.037643
0.037713
0.037782
0.037852
0.037922
0.037991
0.038061
0.038131
0.038200
0.038270
0.038339
0.038409
0.038479
0.038548
0.038618
0.038687
0.038757
0.038841
0.038990
0.039139
0.039287
0.039436
0.039585
0.039734
0.039883
0.040032
0.040180
0.040329
0.040478
0.040627
0.040776
0.040924
0.041073
0.041222
0.041371
0.041520
0.041668
0.041817
0.041966
0.042115
0.042264
0.042540
0.042856
0.043172
0.043488
0.043804
0.044120
0.044436
0.044752
0.045068
0.045384
0.045700
0.046016
0.046333
0.046649
0.046965
0.047281
0.047597
0.047913
0.048229
0.048545
0.049400
0.050415
0.051429
0.052444
0.053459
0.054473
0.055488
0.056502
0.057517
0.058531
0.059546
0.060561
0.061575
0.062590
0.063604
0.064619
0.065634
0.066630
0.067497
0.068365
0.069232
0.070099
0.070966
0.071834
0.072701
0.073568
0.074436
0.075303
0.076170
0.077037
0.077905
0.078772
0.079639
0.080430
0.081010
0.081589
0.082169
0.082748
0.083327
0.083907
0.084486
0.085066
0.085645
0.086224
0.086804
0.087383
0.087963
0.088634
0.090322
0.092010
0.093699
0.095387
0.097076
0.098764
0.100452
0.102141
0.103829
0.105518
0.107206
0.108894
0.110583
0.111551
0.112262
0.112974
0.113686
0.114397
0.115109
0.115821
0.116532
0.117244
0.117955
0.118667
0.119379
0.122137
0.126115
0.130093
0.134071
0.138049
0.142026
0.146004
0.149982
0.153960
0.157938
0.161916
0.165406
0.167637
0.169868
0.172099
0.174330
0.176561
0.178792
0.181023
0.183254
0.185485
0.187716
0.187567
0.185253
0.182940
0.180627
0.178314
0.176000
0.173687
0.171374
0.169061
0.166747
0.166051
0.168238
0.170424
0.172611
0.174797
0.176984
0.179170
0.181357
0.183543
0.185730
0.185823
0.185829
0.185835
0.185841
0.185847
0.185853
0.185859
0.185865
0.185871
0.188795
0.192347
0.195899
0.199452
0.203004
0.206556
0.210108
0.213660
0.216940
0.219047
0.221154
0.223261
0.225368
0.227475
0.229581
0.231688
0.233777
0.235167
0.236558
0.237948
0.239339
0.240729
0.242120
0.243510
0.245064
0.248108
0.251151
0.254194
0.257237
0.260281
0.263324
0.266367
0.265917
0.264061
0.262205
0.260348
0.258492
0.256635
0.254779
0.255660
0.257187
0.258714
0.260242
0.261769
0.263296
0.265741
0.271808
0.277875
0.283942
0.290008
0.296075
0.302142
0.300876
0.299350
0.297824
0.297235
0.299887
0.302539
0.305191
0.303216
0.298453
0.293690
0.289041
0.284994
0.280947
0.276900
0.281784
0.289198
0.296612
0.299097
0.297632
0.296168
0.295623
0.296614
0.297606
0.300881
0.308063
0.315245
0.321222
0.324678
0.328134
0.329396
0.325045
0.320695
0.319800
0.326691
0.333582
0.339162
0.343498
0.347834
0.357864
0.370413
0.382963
0.382172
0.379795
0.377047
0.372434
0.367820
0.368816
0.376605
0.384395
0.378421
0.369643
0.361367
0.354552
0.347738
0.350725
0.358056
0.363110
0.360551
0.357992
0.367890
0.380493
0.375817
0.350952
0.329896
0.342194
0.354492
0.366799
0.379108
0.383410
0.374306
0.365989
0.368634
0.371278
0.373114
0.374708
0.378920
0.385895
0.394841
0.411513
0.428185
0.440211
0.452084
0.446758
0.435591
0.423839
0.411600
0.407851
0.419724
0.429336
0.427725
0.426114
0.419958
0.413751
0.412572
0.412083
0.417184
0.423527
0.430431
0.437608
0.436738
0.428941
0.420536
0.411365
0.405276
0.406688
0.408981
0.414907
0.420466
0.423264
0.426268
0.433229
0.440190
0.439457
0.438698
0.448295
0.458770
0.458424
0.456011
0.459655
0.465182
0.464404
0.460280
0.454456
0.447412
0.443383
0.442064
0.444902
0.452600
0.468748
0.495450
0.501912
0.474900
0.456653
0.459189
0.463650
0.473696
0.480568
0.469963
0.460019
0.461352
0.462685
0.454798
0.446835
0.445946
0.446098
0.440542
0.432883
0.426441
0.420724
0.415579
0.410995
0.409851
0.413605
0.418783
0.427157
0.435287
0.442438
0.449505
0.441225
0.432946
0.441621
0.454932
0.464238
0.470442
0.473443
0.469882
0.468048
0.485500
0.502952
0.504607
0.503082
0.501812
0.500741
0.502913
0.515499
0.528086
0.526956
0.523956
0.531177
0.548478
0.562539
0.554040
0.545542
0.543983
0.545900
0.545844
0.538904
0.531964
0.552344
0.580956
0.598630
0.585550
0.572471
0.561944
0.552346
0.545195
0.553536
0.561877
0.568698
0.574247
0.579796
0.580591
0.581138
0.577563
0.566208
0.554853
0.553247
0.557155
0.561062
0.562773
0.564279
0.566914
0.575366
0.583819
0.591928
0.599314
0.606700
0.618037
0.635126
0.652216
0.651724
0.630460
0.609197
0.606138
0.624112
0.642085
0.656920
0.667592
0.678263
0.687966
0.695437
0.702908
0.709755
0.713343
0.716931
0.720519
0.707687
0.693140
0.678594
0.674719
0.676679
0.678640
0.680709
0.683085
0.685461
0.687837
0.683769
0.678117
0.672465
0.667585
0.665295
0.663005
0.660715
0.667049
0.680357
0.693666
0.706974
0.694542
0.677258
0.659975
0.643261
0.649829
0.656396
0.662964
0.668971
0.664560
0.660149
0.655739
0.651333
0.648028
0.644723
0.641418
0.638113
0.632776
0.627238
0.621700
0.616162
0.615226
0.616862
0.618498
0.620134
0.621296
0.621280
0.621263
0.621247
0.621230
0.628140
0.638678
0.649217
0.659756
0.670295
0.675428
0.679699
0.683969
0.688240
0.692592
0.702084
0.711576
0.721068
0.730560
0.740053
0.743654
0.746671
0.749687
0.752703
0.755720
0.752387
0.743666
0.734945
0.726224
0.717503
0.708782
0.712445
0.716996
0.721548
0.726099
0.730651
0.736795
0.747489
0.758183
0.768877
0.779571
0.790265
0.793621
0.786018
0.778416
0.770814
0.763211
0.755609
0.759103
0.768528
0.777953
0.787377
0.796802
0.806227
0.803105
0.799733
0.796360
0.792988
0.789616
0.786478
0.784909
0.783340
0.781771
0.780202
0.778633
0.777518
0.777857
0.778197
0.778536
0.778876
0.779215
0.780869
0.786154
0.791439
0.796723
0.802008
0.807293
0.808654
0.803136
0.797619
0.792101
0.786583
0.781065
0.783571
0.795811
0.808051
0.820291
0.832531
0.844770
0.853486
0.857448
0.861410
0.865371
0.869333
0.873295
0.874653
0.871662
0.868670
0.865679
0.862688
0.859697
0.857583
0.857678
0.857773
0.857868
0.857963
0.858057
0.858720
0.866782
0.874843
0.882905
0.890967
0.899028
0.907090
0.912038
0.916213
0.920389
0.924565
0.928740
0.932916
0.933248
0.928464
0.923680
0.918895
0.914111
0.909327
0.904543
0.918424
0.933614
0.948804
0.963993
0.979183
0.994373
1.003451
1.002931
1.002411
1.001890
1.001370
1.000849
1.000329
1.002421
1.005224
1.008028
1.010831
1.013635
1.016438
1.021196
1.042322
1.063448
1.084575
1.105701
1.126827
1.147953
1.164924
1.173572
1.182220
1.190868
1.199516
1.208163
1.216811
1.223581
1.228197
1.232813
1.237429
1.242045
1.246661
1.251277
1.255847
1.260345
1.264843
1.269341
1.273839
1.278337
1.282835
1.286412
1.286281
1.286150
1.286019
1.285887
1.285756
1.285625
1.285494
1.291427
1.299893
1.308358
1.316824
1.325290
1.333755
1.342221
1.350687
1.350566
1.350264
1.349962
1.349661
1.349359
1.349058
1.348756
1.348790
1.354096
1.359401
1.364707
1.370012
1.375318
1.380623
1.385929
1.391234
1.396368
1.401433
1.406499
1.411565
1.416630
1.421696
1.426762
1.431827
1.436893
1.439932
1.442885
1.445839
1.448792
1.451746
1.454700
1.457653
1.460607
1.463560
1.473665
1.484806
1.495948
1.507089
1.518230
1.529372
1.540513
1.551654
1.562796
1.571858
1.580806
1.589755
1.598703
1.607651
1.616600
1.625548
1.634497
1.643525
1.652765
1.662005
1.671245
1.680486
1.689726
1.698966
1.708207
1.717447
1.715437
1.711044
1.706652
1.702260
1.697868
1.693476
1.689083
1.684691
1.690463
1.704434
1.718406
1.732377
1.746348
1.760320
1.774291
1.788262
1.797082
1.799626
1.802171
1.804715
1.807260
1.809804
1.812348
1.814893
1.820534
1.829219
1.837904
1.846590
1.855275
1.863960
1.872646
1.881331
1.884637
1.884611
1.884585
1.884559
1.884533
1.884508
1.884482
1.884456
1.889269
1.895211
1.901153
1.907096
1.913038
1.918980
1.924922
1.930827
1.936233
1.941639
1.947045
1.952451
1.957857
1.963263
1.968670
1.972754
1.975069
1.977383
1.979698
1.982013
1.984327
1.986642
1.988957
1.997599
2.007697
2.017794
2.027891
2.037988
2.048086
2.058183
2.068009
2.076913
2.085818
2.094722
2.103627
2.112531
2.121436
2.130340
2.136312
2.140625
2.144938
2.149251
2.153564
2.157876
2.162189
2.166676
2.175600
2.184523
2.193447
2.202371
2.211294
2.220218
2.229141
2.235195
2.237240
2.239284
2.241329
2.243374
2.245419
2.247464
2.249508
2.255656
2.263058
2.270460
2.277862
2.285264
2.292665
2.300067
2.307640
2.318949
2.330257
2.341566
2.352875
2.364183
2.375492
2.386800
2.397697
2.407388
2.417078
2.426769
2.436460
2.446151
2.455842
2.465532
2.476528
2.490050
2.503572
2.517094
2.530617
2.544139
2.557661
2.571183
2.581632
2.585728
2.589824
2.593920
2.598016
2.602112
2.606207
2.610303
2.616262
2.630096
2.643930
2.657764
2.671597
2.685431
2.699265
2.713099
2.726933
2.734310
2.740669
2.747029
2.753388
2.759748
2.766108
2.772467
2.778827
2.782220
2.779827
2.777433
2.775040
2.772647
2.770254
2.767860
2.765467
2.763074
2.769964
2.783912
2.797859
2.811807
2.825754
2.839702
2.853649
2.867597
2.881544
2.888495
2.888812
2.889130
2.889448
2.889766
2.890084
2.890401
2.890719
2.891037
2.892424
2.904506
2.916587
2.928669
2.940751
2.952833
2.964914
2.976996
2.989078
3.001160
3.014319
3.030132
3.045945
3.061759
3.077572
3.093385
3.109199
3.125012
3.140826
3.156639
3.180019
3.209141
3.238263
3.267384
3.296506
3.325628
3.354750
3.383872
3.412994
3.438049
3.451095
3.464140
3.477186
3.490231
3.503277
3.516322
3.529368
3.542413
3.559224
3.583010
3.606796
3.630582
3.654368
3.678154
3.701940
3.725726
3.749513
3.771013
3.791805
3.812596
3.833388
3.854179
3.874971
3.895762
3.916553
3.933998
3.946082
3.958166
3.970250
3.982334
3.994418
4.006502
4.018586
4.031807
4.049687
4.067566
4.085446
4.103326
4.121206
4.139086
4.156966
4.172683
4.174515
4.176347
4.178180
4.180012
4.181844
4.183676
4.185508
4.193781
4.224843
4.255904
4.286966
4.318028
4.349090
4.380152
4.411214
4.436636
4.455267
4.473897
4.492527
4.511158
4.529788
4.548418
4.567049
4.583788
4.600194
4.616601
4.633007
4.649413
4.665819
4.682226
4.696673
4.704807
4.712941
4.721074
4.729208
4.737342
4.745476
4.753610
4.763430
4.773843
4.784255
4.794668
4.805080
4.815493
4.825905
4.837185
4.850444
4.863703
4.876963
4.890222
4.903481
4.916740
4.930000
4.947586
4.965703
4.983820
5.001936
5.020053
5.038169
5.056286
5.070830
5.081091
5.091352
5.101613
5.111875
5.122136
5.132397
5.142585
5.141105
5.139625
5.138144
5.136664
5.135184
5.133703
5.132223
5.140096
5.154553
5.169010
5.183467
5.197924
5.212381
5.226837
5.237612
5.229061
5.220510
5.211959
5.203409
5.194858
5.186307
5.177756
5.191923
5.216778
5.241632
5.266487
5.291342
5.316196
5.341051
5.361676
5.357135
5.352594
5.348053
5.343511
5.338970
5.334429
5.329888
5.331231
5.337586
5.343941
5.350296
5.356651
5.363006
5.369361
5.375716
5.388924
5.403063
5.417202
5.431341
5.445479
5.459618
5.473757
5.485909
5.482311
5.478714
5.475116
5.471519
5.467921
5.464324
5.460726
5.458186
5.463682
5.469178
5.474673
5.480169
5.485665
5.491161
5.496656
5.502152
5.491561
5.480438
5.469315
5.458191
5.447068
5.435945
5.424822
5.413698
5.420258
5.435831
5.451404
5.466978
5.482551
5.498125
5.513698
5.529271
5.542991
5.546966
5.550942
5.554918
5.558893
5.562869
5.566845
5.570820
5.574796
5.577677
5.577919
5.578162
5.578404
5.578646
5.578888
5.579131
5.579373
5.579615
5.579815
5.579536
5.579257
5.578977
5.578698
5.578419
5.578140
5.577860
5.577581
5.577302
5.585882
5.604044
5.622206
5.640368
5.658529
5.676691
5.694853
5.713015
5.731177
5.749611
5.774236
5.798861
5.823486
5.848112
5.872737
5.897362
5.921987
5.946612
5.971238
6.010756
6.051675
6.092593
6.133512
6.174430
6.215349
6.256267
6.297186
6.336394
6.353588
6.370781
6.387974
6.405167
6.422360
6.439553
6.456746
6.473939
6.490999
6.507897
6.524795
6.541694
6.558592
6.575491
6.592389
6.609288
6.626472
6.659927
6.693381
6.726835
6.760290
6.793744
6.827198
6.860653
6.894107
6.915011
6.931386
6.947760
6.964135
6.980510
6.996885
7.013259
7.029634
7.041706
7.050713
7.059721
7.068729
7.077737
7.086744
7.095752
7.104760
7.128742
7.165928
7.203114
7.240299
7.277485
7.314671
7.351857
7.389042
7.406170
7.407481
7.408791
7.410101
7.411412
7.412722
7.414032
7.415343
7.423463
7.435209
7.446955
7.458701
7.470447
7.482194
7.493940
7.505686
7.525275
7.547041
7.568808
7.590575
7.612342
7.634109
7.655876
7.677643
7.670079
7.660382
7.650686
7.640990
7.631293
7.621597
7.611901
7.603943
7.614162
7.624381
7.634600
7.644818
7.655037
7.665256
7.675475
7.682757
7.680256
7.677754
7.675253
7.672752
7.670250
7.667749
7.665247
7.654800
7.629042
7.603284
7.577526
7.551768
7.526010
7.500252
7.474494
7.493085
7.580030
7.666975
7.753921
7.840866
7.927811
8.014756
8.101701
8.176162
8.229323
8.282483
8.335643
8.388804
8.441964
8.495125
8.548285
8.606886
8.680996
8.755106
8.829217
8.903327
8.977437
9.051547
9.125658
9.199922
9.297928
9.395934
9.493940
9.591946
9.689951
9.787957
9.885963
9.983969
10.082522
10.181401
10.280281
10.379160
10.478040
10.576919
10.675799
10.774678
10.872705
10.956687
11.040669
11.124651
11.208633
11.292616
11.376598
11.460580
11.544562
11.643788
11.784166
11.924545
12.064923
12.205301
12.345679
12.486057
12.626436
12.766814
12.895834
12.983786
13.071738
13.159690
13.247642
13.335594
13.423547
13.511499
13.599451
13.687403
13.781329
13.876387
13.971444
14.066502
14.161559
14.256616
14.351674
14.446731
14.541789
14.637948
14.749820
14.861692
14.973563
15.085435
15.197307
15.309178
15.421050
15.532922
15.644793
15.756665
15.997904
16.257942
16.517981
16.778019
17.038057
17.298095
17.558133
17.818171
18.078210
18.338248
18.636165
18.936897
19.237628
19.538360
19.839091
20.139823
20.440554
20.741285
21.042017
21.341716
21.639877
21.938039
22.236200
22.534361
22.832523
23.130684
23.428845
23.727007
24.030554
24.355215
24.679876
25.004537
25.329198
25.653859
25.978520
26.303181
26.627843
26.969282
27.354547
27.739811
28.125075
28.510340
28.895604
29.280869
29.666133
30.051397
30.319652
30.505815
30.691978
30.878140
31.064303
31.250465
31.436628
31.622790
31.824356
32.172123
32.519891
32.867658
33.215425
33.563193
33.910960
34.258727
34.606495
34.978420
35.357733
35.737046
36.116359
36.495672
36.874985
37.254297
37.633610
37.965061
38.259870
38.554680
38.849489
39.144299
39.439108
39.733918
40.028727
40.272160
40.456902
40.641643
40.826385
41.011127
41.195868
41.380610
41.565351
41.703841
41.783898
41.863956
41.944014
42.024072
42.104130
42.184188
42.264246
42.332183
42.387647
42.443110
42.498574
42.554037
42.609501
42.664964
42.720428
42.839532
43.003957
43.168382
43.332807
43.497232
43.661656
43.826081
43.990506
43.923836
43.760129
43.596422
43.432716
43.269009
43.105302
42.941595
42.777888
42.752816
42.757381
42.761947
42.766512
42.771077
42.775642
42.780207
42.784773
42.584416
42.370864
42.157312
41.943759
41.730207
41.516654
41.303102
41.097502
41.235776
41.374050
41.512325
41.650599
41.788873
41.927147
42.065422
42.184573
41.988894
41.793215
41.597536
41.401857
41.206178
41.010499
40.814820
