0.655727
0.655727
0.655727
0.655727
0.655727
0.655727
0.655727
0.655727
0.655727
0.655727
0.655727
0.655727
0.655727
0.655727
0.655727
0.655727
0.655727
0.655727
0.655727
0.655727
0.655727
0.655727
0.655727
0.655727
0.655727
0.655727
0.655727
0.655727
0.655727
0.655727
0.655727
0.655727
0.655727
0.655727
0.655727
0.655727
0.655727
0.655727
0.655727
0.655727
0.655727
0.655727
0.655727
0.655727
0.655727
0.655727
0.655727
0.655727
0.655727
0.655727
0.655727
0.655727
0.655727
0.655727
0.655727
0.655727
0.655727
0.655727
0.655727
0.655727
0.655727
0.655727
0.655727
0.655727
0.655727
0.655727
0.655727
0.655727
0.655727
0.649468
0.642848
0.636228
0.629608
0.622988
0.616368
0.609748
0.603128
0.596508
0.589888
0.583268
0.576648
0.570028
0.563408
0.556788
0.550168
0.543548
0.536928
0.530308
0.523688
0.517068
0.510448
0.503828
0.497208
0.490588
0.483968
0.477348
0.470728
0.464108
0.457488
0.450868
0.444248
0.437628
0.431008
0.424388
0.417768
0.411148
0.404528
0.397908
0.391288
0.384668
0.378048
0.371428
0.364808
0.358188
0.351568
0.344948
0.338328
0.331708
0.325088
0.318468
0.311848
0.305228
0.298608
0.291988
0.285368
0.278748
0.272128
0.265508
0.258888
0.252268
0.245648
0.239028
0.232408
0.225788
0.219168
0.212548
0.205928
0.199308
0.192688
0.186068
0.179448
0.172828
0.166208
0.159588
0.152968
0.146348
0.139728
0.133107
0.126487
0.125436
0.124706
0.123977
0.123247
0.122517
0.121788
0.121058
0.120328
0.119598
0.118869
0.118139
0.117409
0.116680
0.115950
0.115220
0.114490
0.113761
0.113031
0.112301
0.111572
0.110842
0.110112
0.109383
0.108653
0.107923
0.107193
0.106464
0.105734
0.105004
0.104275
0.103545
0.102815
0.102085
0.101356
0.100626
0.099896
0.099167
0.098437
0.097707
0.096978
0.096248
0.095518
0.094788
0.094059
0.093329
0.092599
0.091870
0.091140
0.090410
0.089680
0.088951
0.088221
0.087491
0.086762
0.086032
0.085302
0.084573
0.083843
0.083113
0.082383
0.081654
0.080924
0.080194
0.079465
0.078735
0.078005
0.077275
0.076546
0.075816
0.075086
0.074357
0.073627
0.072897
0.072167
0.071438
0.070708
0.069978
0.069249
0.068519
0.067789
0.067441
0.067114
0.066788
0.066461
0.066135
0.065808
0.065482
0.065155
0.064828
0.064502
0.064175
0.063849
0.063522
0.063196
0.062869
0.062543
0.062216
0.061890
0.061563
0.061237
0.060910
0.060584
0.060257
0.059931
0.059604
0.059278
0.058951
0.058624
0.058298
0.057971
0.057645
0.057318
0.056992
0.056665
0.056339
0.056012
0.055686
0.055359
0.055033
0.054706
0.054380
0.054053
0.053727
0.053400
0.053074
0.052747
0.052420
0.052094
0.051767
0.051441
0.051114
0.050788
0.050461
0.050135
0.049808
0.049482
0.049155
0.048829
0.048502
0.048176
0.047849
0.047523
0.047196
0.046870
0.046543
0.046216
0.045890
0.045563
0.045237
0.044910
0.044584
0.044257
0.043931
0.043604
0.043278
0.042951
0.042625
0.042298
0.041972
0.041645
0.041472
0.041307
0.041142
0.040977
0.040813
0.040648
0.040483
0.040318
0.040154
0.039989
0.039824
0.039660
0.039495
0.039330
0.039165
0.039001
0.038836
0.038671
0.038507
0.038342
0.038177
0.038012
0.037848
0.037683
0.037518
0.037353
0.037189
0.037024
0.036859
0.036695
0.036530
0.036365
0.036200
0.036036
0.035871
0.035706
0.035542
0.035377
0.035212
0.035047
0.034883
0.034718
0.034553
0.034389
0.034224
0.034059
0.033894
0.033730
0.033565
0.033400
0.033235
0.033071
0.032906
0.032741
0.032577
0.032412
0.032247
0.032082
0.031918
0.031753
0.031588
0.031424
0.031259
0.031094
0.030929
0.030765
0.030600
0.030435
0.030270
0.030106
0.029941
0.029776
0.029612
0.029447
0.029282
0.029117
0.028953
0.028788
0.028623
0.028459
0.028479
0.028510
0.028541
0.028572
0.028603
0.028635
0.028666
0.028697
0.028728
0.028759
0.028790
0.028821
0.028853
0.028884
0.028915
0.028946
0.028977
0.029008
0.029039
0.029070
0.029102
0.029133
0.029164
0.029195
0.029226
0.029257
0.029288
0.029319
0.029351
0.029382
0.029413
0.029444
0.029475
0.029506
0.029537
0.029568
0.029600
0.029631
0.029662
0.029693
0.029724
0.029755
0.029786
0.029817
0.029849
0.029880
0.029911
0.029942
0.029973
0.030004
0.030035
0.030066
0.030098
0.030129
0.030160
0.030191
0.030222
0.030253
0.030284
0.030315
0.030347
0.030378
0.030409
0.030440
0.030471
0.030502
0.030533
0.030565
0.030596
0.030627
0.030658
0.030689
0.030720
0.030751
0.030782
0.030814
0.030845
0.030876
0.030907
0.030938
0.030877
0.030811
0.030745
0.030679
0.030613
0.030547
0.030481
0.030415
0.030348
0.030282
0.030216
0.030150
0.030084
0.030018
0.029952
0.029886
0.029820
0.029754
0.029687
0.029621
0.029555
0.029489
0.029423
0.029357
0.029291
0.029225
0.029159
0.029093
0.029026
0.028960
0.028894
0.028828
0.028762
0.028696
0.028630
0.028564
0.028498
0.028432
0.028365
0.028299
0.028233
0.028167
0.028101
0.028035
0.027969
0.027903
0.027837
0.027771
0.027705
0.027638
0.027572
0.027506
0.027440
0.027374
0.027308
0.027242
0.027176
0.027110
0.027044
0.026977
0.026911
0.026845
0.026779
0.026713
0.026647
0.026581
0.026515
0.026449
0.026383
0.026316
0.026250
0.026184
0.026118
0.026052
0.025986
0.025920
0.025854
0.025788
0.025722
0.025655
0.025688
0.025726
0.025764
0.025802
0.025840
0.025878
0.025916
0.025954
0.025992
0.026030
0.026068
0.026105
0.026143
0.026181
0.026219
0.026257
0.026295
0.026333
0.026371
0.026409
0.026447
0.026485
0.026523
0.026561
0.026599
0.026637
0.026675
0.026713
0.026751
0.026789
0.026827
0.026865
0.026903
0.026941
0.026979
0.027017
0.027055
0.027093
0.027131
0.027169
0.027207
0.027245
0.027283
0.027321
0.027359
0.027397
0.027435
0.027473
0.027511
0.027549
0.027587
0.027625
0.027663
0.027701
0.027738
0.027776
0.027814
0.027852
0.027890
0.027928
0.027966
0.028004
0.028042
0.028080
0.028118
0.028156
0.028194
0.028232
0.028270
0.028308
0.028346
0.028384
0.028422
0.028460
0.028498
0.028536
0.028574
0.028612
0.028650
0.028688
0.028766
0.028847
0.028927
0.029008
0.029088
0.029169
0.029249
0.029330
0.029410
0.029491
0.029572
0.029652
0.029733
0.029813
0.029894
0.029974
0.030055
0.030135
0.030216
0.030296
0.030377
0.030458
0.030538
0.030619
0.030699
0.030780
0.030860
0.030941
0.031021
0.031102
0.031182
0.031263
0.031344
0.031424
0.031505
0.031585
0.031666
0.031746
0.031827
0.031907
0.031988
0.032068
0.032149
0.032229
0.032310
0.032391
0.032471
0.032552
0.032632
0.032713
0.032793
0.032874
0.032954
0.033035
0.033115
0.033196
0.033277
0.033357
0.033438
0.033518
0.033599
0.033679
0.033760
0.033840
0.033921
0.034001
0.034082
0.034163
0.034243
0.034324
0.034404
0.034485
0.034565
0.034646
0.034726
0.034807
0.034865
0.034776
0.034686
0.034596
0.034506
0.034417
0.034327
0.034237
0.034148
0.034058
0.033968
0.033878
0.033789
0.033699
0.033609
0.033520
0.033430
0.033340
0.033250
0.033161
0.033071
0.032981
0.032892
0.032802
0.032712
0.032622
0.032533
0.032443
0.032353
0.032263
0.032174
0.032084
0.031994
0.031905
0.031815
0.031725
0.031635
0.031546
0.031456
0.031366
0.031277
0.031187
0.031097
0.031007
0.030918
0.030828
0.030738
0.030649
0.030559
0.030469
0.030379
0.030290
0.030200
0.030110
0.030020
0.029931
0.029841
0.029751
0.029662
0.029572
0.029482
0.029392
0.029460
0.029623
0.029787
0.029950
0.030113
0.030276
0.030439
0.030602
0.030765
0.030928
0.031091
0.031254
0.031417
0.031580
0.031743
0.031906
0.032070
0.032233
0.032396
0.032559
0.032722
0.032885
0.033048
0.033211
0.033374
0.033537
0.033700
0.033863
0.034026
0.034189
0.034352
0.034516
0.034679
0.034842
0.035005
0.035168
0.035331
0.035494
0.035657
0.035820
0.035983
0.036146
0.036309
0.036472
0.036635
0.036798
0.036962
0.037125
0.037288
0.037469
0.037655
0.037842
0.038029
0.038215
0.038402
0.038589
0.038775
0.038962
0.039149
0.039335
0.039522
0.039708
0.039895
0.040082
0.040268
0.040455
0.040642
0.040828
0.041015
0.041202
0.041388
0.041575
0.041761
0.041948
0.042135
0.042321
0.042508
0.042695
0.042881
0.043068
0.043255
0.043441
0.043628
0.043814
0.044001
0.044188
0.044374
0.044561
0.044623
0.044555
0.044488
0.044421
0.044354
0.044286
0.044219
0.044152
0.044085
0.044017
0.043950
0.043883
0.043816
0.043748
0.043681
0.043614
0.043547
0.043479
0.043412
0.043345
0.043278
0.043211
0.043143
0.043076
0.043009
0.042942
0.042874
0.042807
0.042740
0.042673
0.042605
0.042538
0.042471
0.042404
0.042394
0.042477
0.042561
0.042644
0.042728
0.042811
0.042894
0.042978
0.043061
0.043145
0.043228
0.043311
0.043395
0.043478
0.043562
0.043645
0.043728
0.043812
0.043895
0.043979
0.044062
0.044145
0.044229
0.044312
0.044396
0.044479
0.044562
0.044646
0.044729
0.044822
0.044938
0.045053
0.045169
0.045284
0.045400
0.045515
0.045631
0.045747
0.045862
0.045978
0.046093
0.046209
0.046324
0.046440
0.046555
0.046671
0.046787
0.046902
0.047018
0.047133
0.047249
0.047364
0.047480
0.047595
0.047688
0.047780
0.047872
0.047964
0.048056
0.048148
0.048240
0.048332
0.048423
0.048515
0.048607
0.048699
0.048791
0.048883
0.048975
0.049067
0.049158
0.049250
0.049342
0.049434
0.049711
0.050473
0.051235
0.051996
0.052758
0.053520
0.054282
0.055044
0.055806
0.056567
0.057329
0.058091
0.058853
0.059615
0.060376
0.061138
0.061900
0.062662
0.063424
0.064078
0.064613
0.065147
0.065682
0.066217
0.066752
0.067287
0.067821
0.068356
0.068891
0.069426
0.069961
0.070495
0.071030
0.071565
0.072100
0.072653
0.073274
0.073895
0.074516
0.075137
0.075758
0.076379
0.077000
0.077621
0.078241
0.078862
0.079483
0.080104
0.080725
0.081346
0.081973
0.082602
0.083231
0.083861
0.084490
0.085120
0.085749
0.086379
0.087008
0.087637
0.088267
0.088896
0.089526
0.091049
0.092783
0.094517
0.096251
0.097985
0.099720
0.101454
0.103188
0.104922
0.106656
0.108390
0.110184
0.112631
0.115078
0.117525
0.119972
0.122419
0.124866
0.127313
0.129759
0.132206
0.134653
0.136521
0.137581
0.138642
0.139703
0.140763
0.141824
0.142885
0.143945
0.145006
0.146067
0.147387
0.149283
0.151178
0.153074
0.154970
0.156866
0.158761
0.160657
0.162553
0.164449
0.165098
0.165607
0.166117
0.166627
0.167136
0.167646
0.168156
0.168665
0.169955
0.173988
0.178020
0.182052
0.186085
0.190117
0.194149
0.198182
0.202214
0.202705
0.202861
0.203017
0.203173
0.203329
0.203485
0.203641
0.203878
0.206605
0.209332
0.212060
0.214787
0.217515
0.220242
0.222969
0.223868
0.223550
0.223231
0.222912
0.222593
0.222274
0.221956
0.222757
0.223956
0.225156
0.226356
0.227555
0.228755
0.230125
0.231989
0.233854
0.235718
0.237582
0.239446
0.241311
0.244881
0.248533
0.252184
0.255836
0.259487
0.263139
0.266452
0.269738
0.273024
0.276310
0.279596
0.283006
0.286722
0.290438
0.294154
0.297870
0.301586
0.298153
0.291491
0.284829
0.278167
0.271505
0.268207
0.273239
0.278271
0.283303
0.288335
0.293406
0.298711
0.304015
0.309320
0.314625
0.319338
0.321904
0.324471
0.327037
0.329603
0.333891
0.340591
0.347290
0.353989
0.360688
0.359239
0.353956
0.348674
0.343391
0.339332
0.343314
0.347297
0.351279
0.355262
0.354148
0.350331
0.346515
0.342698
0.341153
0.343093
0.345032
0.346972
0.347931
0.345475
0.343019
0.340563
0.338965
0.341688
0.344411
0.347134
0.346654
0.339343
0.332033
0.324723
0.325330
0.335990
0.346650
0.357310
0.369002
0.381339
0.393676
0.406013
0.405294
0.404155
0.403016
0.405355
0.413618
0.421881
0.430144
0.437085
0.443742
0.450398
0.457882
0.467485
0.477088
0.486691
0.491726
0.495860
0.499995
0.501480
0.499544
0.497607
0.495869
0.496431
0.496993
0.497555
0.485554
0.468563
0.451572
0.448288
0.464647
0.481006
0.493369
0.486639
0.479908
0.473177
0.488387
0.505881
0.523376
0.529027
0.528754
0.528481
0.521304
0.504394
0.487485
0.474714
0.486636
0.498557
0.510479
0.510461
0.508222
0.505983
0.506277
0.508339
0.510402
0.519072
0.545327
0.571582
0.597047
0.587662
0.578276
0.568891
0.572049
0.577838
0.583627
0.596059
0.612170
0.628281
0.637919
0.641902
0.645884
0.646691
0.643266
0.639841
0.650073
0.682380
0.714687
0.731875
0.728457
0.725040
0.726072
0.731223
0.736373
0.729872
0.717583
0.705293
0.698290
0.692161
0.690200
0.714972
0.739744
0.747978
0.734777
0.721575
0.729885
0.743835
0.755066
0.759011
0.762957
0.757354
0.748170
0.738796
0.728762
0.718728
0.719564
0.723810
0.735005
0.761402
0.787800
0.782810
0.774859
0.769412
0.766060
0.760801
0.748918
0.737034
0.740859
0.745978
0.770655
0.806084
0.818713
0.786714
0.756885
0.756398
0.755912
0.767283
0.780112
0.779455
0.772471
0.767819
0.765934
0.761710
0.751467
0.754056
0.806747
0.852548
0.833800
0.815194
0.811320
0.807445
0.843049
0.881855
0.892345
0.896275
0.885365
0.868610
0.867730
0.877294
0.894176
0.919212
0.932067
0.922283
0.913394
0.906874
0.910684
0.953846
0.986439
0.959059
0.938387
0.989019
1.038232
1.061750
1.085267
1.070979
1.056027
1.071795
1.091799
1.098516
1.101420
1.097059
1.089045
1.106249
1.139598
1.164473
1.180499
1.197071
1.214584
1.223712
1.209809
1.197342
1.192956
1.188735
1.197420
1.206106
1.219233
1.233312
1.259875
1.293122
1.305535
1.293692
1.300656
1.366049
1.427795
1.424275
1.420755
1.475150
1.540870
1.564221
1.559061
1.566459
1.597133
1.627067
1.650112
1.673157
1.688937
1.703199
1.738858
1.790678
1.808314
1.739009
1.669703
1.679736
1.696796
1.728707
1.773276
1.812737
1.820853
1.824852
1.827553
1.883062
1.923453
1.946959
1.983578
2.003466
1.983032
1.989964
2.007740
2.010149
2.014345
2.020249
2.099305
2.173158
2.188699
2.187380
2.173457
2.258167
2.327608
2.297806
2.293029
2.315578
2.367090
2.428299
2.430222
2.405851
2.297653
2.270146
2.325922
2.374104
2.419214
2.491436
2.551112
2.481522
2.441984
2.474139
2.513450
2.561518
2.596728
2.622402
2.661613
2.707891
2.683676
2.633337
2.638263
2.657240
2.641555
2.619050
2.701027
2.803362
2.858606
2.902518
2.905224
2.896412
2.966001
3.065442
3.070186
3.014923
2.998218
3.018584
3.079105
3.210089
3.318054
3.324501
3.330948
3.363462
3.396352
3.427854
3.459016
3.460289
3.441317
3.485881
3.620767
3.700839
3.596410
3.502405
3.539540
3.576675
3.656896
3.740129
3.838492
3.940770
3.974572
3.974170
3.965176
3.948674
4.012944
4.182964
4.266182
4.167999
4.090074
4.080516
4.080500
4.130090
4.167382
4.106116
4.047908
4.031225
4.019923
4.106765
4.191744
4.202174
4.212605
4.181504
4.149985
4.142065
4.135178
4.134383
4.134089
4.141348
4.149461
4.142886
4.134279
4.095026
4.051055
4.212656
4.410260
4.387070
4.326960
4.330340
4.342849
4.288315
4.225946
4.154625
4.082507
4.178732
4.283046
4.373466
4.463018
4.454216
4.445028
4.423081
4.408524
4.559932
4.697205
4.613044
4.536527
4.518551
4.474093
4.280115
4.118873
4.096438
4.132621
4.358536
4.518353
4.491783
4.466072
4.442573
4.415423
4.380263
4.353469
4.342625
4.361321
4.428857
4.500114
4.577019
4.644346
4.698389
4.724519
4.719635
4.738444
4.779122
4.750759
4.667984
4.653522
4.688022
4.712966
4.731919
4.747439
4.761037
4.844563
4.964059
4.988178
4.966971
4.989294
5.030961
5.159993
5.327699
5.320585
5.239113
5.373719
5.592411
5.711601
5.794493
5.791094
5.756804
5.906364
6.123897
6.325313
6.520992
6.510681
6.426042
6.488971
6.613415
6.817428
7.059161
6.977437
6.719283
6.819198
7.154170
7.213686
7.056814
7.204236
7.644654
7.942341
8.061385
8.111982
8.045349
7.982531
7.929066
7.881730
7.860532
7.862282
8.078475
8.294667
8.168764
8.040739
8.190814
8.374773
8.360080
8.293252
8.194315
8.080679
8.097108
8.214769
8.367507
8.567253
8.688458
8.589512
8.491865
8.407887
8.323909
8.427286
8.548858
8.507184
8.405794
8.414704
8.521788
8.556633
8.438219
8.352804
8.612119
8.871435
8.841822
8.750348
8.673266
8.608431
8.545069
8.486178
8.427287
8.836289
9.273999
9.316341
9.119649
8.983255
9.001968
9.020680
9.046061
9.072092
9.254940
9.568642
9.795048
9.466923
9.138798
9.076430
9.134056
9.197316
9.281266
9.365216
9.320228
9.225532
9.177467
9.320166
9.462866
9.636075
9.825434
9.961416
9.365546
8.769677
8.519526
8.663398
8.807271
9.228096
9.709084
10.044438
9.501920
8.959402
8.651362
8.672347
8.693332
8.747956
8.820036
8.892116
9.047461
9.215533
9.377614
9.263833
9.150051
9.041678
8.972791
8.903905
8.878184
9.033422
9.188661
9.302797
9.230113
9.157430
9.075401
8.913402
8.751402
8.589403
8.420588
8.251736
8.082883
8.126376
8.186506
8.246636
8.356232
8.471065
8.585899
8.713521
8.842393
8.971266
9.059389
9.146546
9.221359
9.150961
9.080563
8.985124
8.792578
8.600033
8.537677
8.706902
8.876127
8.931437
8.890598
8.849760
8.794159
8.733863
8.673568
8.631817
8.590267
8.520244
8.366916
8.213588
8.132823
8.112665
8.092507
8.141567
8.201623
8.241530
8.198712
8.155894
8.179304
8.254756
8.330208
8.201423
8.058376
7.960877
7.958078
7.955280
8.014690
8.096937
8.173835
8.219027
8.264219
8.286064
8.290401
8.292733
8.153617
8.014501
7.943409
7.951563
7.959718
7.906592
7.848081
7.787480
7.723586
7.659691
7.656300
7.661944
7.694707
7.775425
7.856143
7.728547
7.567764
7.479016
7.509139
7.539261
7.407506
7.258029
7.124797
7.013685
6.902572
6.995411
7.097979
7.180849
7.243124
7.302927
7.286133
7.269339
7.247292
7.221306
7.204812
7.263057
7.321302
7.300151
7.236962
7.170478
7.090525
7.010573
6.992105
6.995474
7.031338
7.151950
7.272561
7.179260
7.036910
6.949432
6.958591
6.967751
6.944375
6.917651
6.877603
6.821098
6.764592
6.758920
6.753836
6.722419
6.667397
6.616522
6.628376
6.640229
6.637402
6.624047
6.613553
6.628563
6.643573
6.609210
6.544149
6.489204
6.505431
6.521658
6.573584
6.646719
6.716348
6.760222
6.804097
6.798558
6.759465
6.720045
6.676098
6.632150
6.616102
6.624009
6.631917
6.582453
6.531863
6.480446
6.427868
6.375291
6.399207
6.437546
6.483159
6.551320
6.619481
6.619879
6.581397
6.543099
6.520842
6.498584
6.464913
6.411782
6.358650
6.356571
6.375509
6.395118
6.439553
6.483989
6.508067
6.490911
6.473755
6.459513
6.447096
6.434678
6.402707
6.367739
6.335046
6.325948
6.316850
6.330850
6.401629
6.472408
6.526184
6.559944
6.593703
6.552393
6.458901
6.365409
6.347152
6.363850
6.380548
6.366943
6.343242
6.319540
6.327533
6.344480
6.361428
6.343896
6.316114
6.288332
6.280047
6.279332
6.278618
6.274078
6.267236
6.260395
6.278761
6.324427
6.370092
6.405688
6.414427
6.423165
6.432386
6.470191
6.507996
6.545801
6.535024
6.502776
6.470528
6.454752
6.479256
6.503761
6.528265
6.533006
6.533109
6.533211
6.549456
6.594037
6.638618
6.683198
6.702326
6.721123
6.739919
6.792625
6.862275
6.931924
6.973022
6.972282
6.971543
6.979215
7.021954
7.064693
7.107465
7.151830
7.196194
7.240559
7.295242
7.351089
7.406936
7.439652
7.467415
7.495177
7.558338
7.630892
7.703446
7.718025
7.717447
7.716869
7.711121
7.704397
7.697673
7.762385
7.832637
7.899977
7.905438
7.910899
7.922259
7.960264
7.998270
8.022262
8.018882
8.015501
8.056350
8.138553
8.220755
8.235192
8.223243
8.211295
8.245161
8.281736
8.312280
8.316563
8.320846
8.343042
8.387141
8.431240
8.457603
8.477546
8.498867
8.565717
8.632567
8.700645
8.771001
8.841356
8.865059
8.867510
8.869334
8.850724
8.832113
8.827198
8.844569
8.861939
8.898995
8.942832
8.985976
9.023839
9.061703
9.083073
9.087766
9.092460
9.158212
9.231550
9.281289
9.273513
9.265738
9.305700
9.366121
9.418723
9.412567
9.406411
9.459045
9.561763
9.664480
9.682960
9.698547
9.714650
9.731544
9.748437
9.769263
9.790926
9.830356
9.921305
10.012253
10.041594
10.042328
10.047814
10.089815
10.131816
10.183319
10.242730
10.302141
10.292142
10.280319
10.298656
10.361938
10.425219
10.407359
10.372488
10.371540
10.471718
10.571895
10.614161
10.628330
10.646334
10.703241
10.760147
10.761639
10.707289
10.652939
10.659663
10.673106
10.737689
10.924737
11.111785
11.124835
11.055749
10.993101
11.041431
11.089762
11.125652
11.144490
11.163327
11.130698
11.083316
11.052499
11.152539
11.252579
11.326375
11.366875
11.407376
11.428895
11.444237
11.457895
11.441840
11.425784
11.446865
11.540950
11.635035
11.692831
11.726592
11.760353
11.776570
11.789643
11.800663
11.786982
11.773301
11.786303
11.866775
11.947247
11.981600
11.962728
11.943856
11.965736
12.012565
12.059394
12.041777
12.002550
11.963322
11.950063
11.941424
11.932784
12.038977
12.155395
12.271813
12.251882
12.225552
12.199221
12.201638
12.205373
12.209109
12.248259
12.290411
12.332563
12.288305
12.227902
12.167499
12.166459
12.187595
12.208730
12.251116
12.309877
12.368638
12.392998
12.353038
12.313078
12.276525
12.280410
12.284295
12.288180
12.368506
12.474029
12.579552
12.636702
12.609307
12.581912
12.554518
12.532287
12.510609
12.488930
12.498381
12.560842
12.623303
12.685764
12.768376
12.854545
12.940714
13.007554
13.047446
13.087339
13.133910
13.286975
13.440040
13.593105
13.658537
13.696924
13.735311
13.761882
13.777840
13.793798
13.827812
13.895935
13.964058
14.029578
14.085701
14.141824
14.194891
14.229101
14.263311
14.301667
14.375040
14.448413
14.522773
14.604183
14.685594
14.762349
14.817175
14.872001
14.928056
14.987601
15.047146
15.083193
15.080906
15.078620
15.095774
15.130109
15.164444
15.163425
15.147916
15.132406
15.289815
15.464099
15.615420
15.614475
15.613529
15.638023
15.705696
15.773370
15.772326
15.731116
15.689907
15.761404
15.843949
15.917036
15.954289
15.991542
16.033318
16.079173
16.125028
16.168589
16.211779
16.259349
16.323113
16.386877
16.429999
16.457739
16.485479
16.565044
16.647106
16.680456
16.625183
16.569911
16.568947
16.584107
16.612269
16.694666
16.777063
16.866527
16.960176
17.045997
17.029507
17.013017
17.068185
17.188690
17.309195
17.364300
17.417974
17.445093
17.438327
17.431561
17.524631
17.627660
17.683917
17.664259
17.644601
17.689590
17.745462
17.788744
17.807203
17.825663
17.979779
18.163431
18.286022
18.271302
18.256582
18.412601
18.612861
18.803008
18.966289
19.129569
19.268889
19.400659
19.524566
19.624059
19.723553
19.876181
20.049275
20.235093
20.471029
20.706966
20.849529
20.948422
21.051015
21.173644
21.296274
21.659791
22.170257
22.643672
22.686873
22.730075
22.978123
23.408567
23.839011
23.941013
24.033607
24.244190
24.623190
25.002190
25.214553
25.395748
25.622336
25.975962
26.329587
26.626649
26.896100
27.164557
27.418998
27.673439
27.991510
28.387590
28.783669
28.997320
29.168610
29.370127
29.726352
30.082577
30.472627
30.896375
31.320122
31.684751
32.036754
32.359756
32.476849
32.593943
32.870271
33.382197
33.894123
34.335781
34.741558
35.147336
35.412105
35.661215
35.947859
36.518541
37.089224
37.583633
37.904990
38.226348
38.586075
38.989067
39.392059
39.916048
40.519144
41.122240
41.597696
42.019475
42.441253
42.747766
43.019036
43.290307
43.758563
44.278385
44.798208
45.363624
45.941565
46.519506
46.972597
47.379340
47.786083
48.282586
48.830162
49.377738
50.058823
50.873222
51.687620
52.326045
52.584228
52.842411
53.128117
53.733072
54.338028
54.942983
55.588132
56.244761
56.901391
57.330769
57.435978
57.541187
57.646397
58.588832
59.552857
60.516883
61.303333
61.880196
62.457059
63.033922
64.008007
65.013524
66.019041
66.994582
67.936153
68.877723
69.817248
70.734493
71.651738
72.568983
73.669706
74.827605
75.985505
76.908997
77.595515
78.282034
79.075695
80.137289
81.198884
82.256130
83.283935
84.311741
85.347825
86.762625
88.177424
89.592223
90.356377
91.081199
91.806021
92.935966
94.105182
95.274398
96.802139
98.362035
99.921931
100.602076
101.244784
101.890250
102.616086
103.341923
104.120296
105.232987
106.345679
107.223889
107.456131
107.688373
108.542362
110.240892
111.939421
112.774396
113.048578
113.322760
114.165087
115.139785
116.110584
116.982695
117.854807
118.748502
119.696213
120.643924
121.450266
122.141838
122.833410
123.424227
123.995351
124.555670
125.049236
125.542802
126.162712
126.932119
127.701526
128.222799
128.675431
129.124901
129.553075
129.981249
130.266916
130.403094
130.539272
130.377627
130.166406
129.931626
129.620611
129.309597
129.627023
130.323698
131.010678
131.218206
131.425733
131.809359
132.432648
133.055938
132.523881
131.761895
131.113620
130.806251
130.498882
130.822667
131.456226
132.117018
133.035760
133.954502
134.254269
133.990031
133.725794
133.305725
132.878008
132.500465
132.203197
131.905929
132.370482
133.005457
133.275822
132.409304
131.542787
131.595985
132.094291
132.552372
132.662481
132.772590
132.442118
131.723793
131.005467
132.255892
133.593860
134.142475
133.396936
132.651397
132.423246
132.327834
132.191515
131.899403
131.607292
131.266970
130.896430
130.532308
130.594852
130.657396
130.657999
130.568632
130.479264
130.170620
129.804298
129.560811
129.934002
130.307194
130.748726
131.250572
131.752417
131.230578
130.577588
130.283137
131.188910
132.094684
131.620305
130.064079
128.507852
128.828371
129.428822
129.707027
128.434616
127.162205
126.927024
127.919360
128.911695
129.124127
129.042441
