0.655727
0.655727
0.655727
0.655727
0.655727
0.655727
0.655727
0.655727
0.655727
0.655727
0.655727
0.655727
0.655727
0.655727
0.655727
0.655727
0.655727
0.655727
0.655727
0.655727
0.655727
0.655727
0.655727
0.655727
0.655727
0.655727
0.655727
0.655727
0.655727
0.655727
0.655727
0.655727
0.655727
0.655727
0.655727
0.655727
0.655727
0.655727
0.655727
0.655727
0.655727
0.655727
0.655727
0.655727
0.655727
0.655727
0.655727
0.655727
0.655727
0.655727
0.655727
0.655727
0.655727
0.655727
0.655727
0.655727
0.655727
0.655727
0.655727
0.655727
0.655727
0.655727
0.655727
0.655727
0.655727
0.655727
0.655727
0.655727
0.655727
0.649503
0.642920
0.636337
0.629754
0.623171
0.616588
0.610004
0.603421
0.596838
0.590255
0.583672
0.577089
0.570505
0.563922
0.557339
0.550756
0.544173
0.537590
0.531006
0.524423
0.517840
0.511257
0.504674
0.498091
0.491507
0.484924
0.478341
0.471758
0.465175
0.458592
0.452008
0.445425
0.438842
0.432259
0.425676
0.419093
0.412510
0.405926
0.399343
0.392760
0.386177
0.379594
0.373011
0.366427
0.359844
0.353261
0.346678
0.340095
0.333512
0.326928
0.320345
0.313762
0.307179
0.300596
0.294013
0.287429
0.280846
0.274263
0.267680
0.261097
0.254514
0.247930
0.241347
0.234764
0.228181
0.221598
0.215015
0.208432
0.201848
0.195265
0.188682
0.182099
0.175516
0.168933
0.162349
0.155766
0.149183
0.142600
0.136017
0.129434
0.128362
0.127609
0.126856
0.126103
0.125350
0.124597
0.123845
0.123092
0.122339
0.121586
0.120833
0.120080
0.119327
0.118574
0.117821
0.117068
0.116315
0.115562
0.114809
0.114056
0.113303
0.112550
0.111797
0.111044
0.110291
0.109539
0.108786
0.108033
0.107280
0.106527
0.105774
0.105021
0.104268
0.103515
0.102762
0.102009
0.101256
0.100503
0.099750
0.098997
0.098244
0.097491
0.096738
0.095985
0.095233
0.094480
0.093727
0.092974
0.092221
0.091468
0.090715
0.089962
0.089209
0.088456
0.087703
0.086950
0.086197
0.085444
0.084691
0.083938
0.083185
0.082432
0.081679
0.080927
0.080174
0.079421
0.078668
0.077915
0.077162
0.076409
0.075656
0.074903
0.074150
0.073397
0.072644
0.071891
0.071138
0.070385
0.069632
0.068879
0.068537
0.068218
0.067898
0.067579
0.067260
0.066941
0.066622
0.066303
0.065984
0.065665
0.065346
0.065027
0.064708
0.064389
0.064070
0.063751
0.063432
0.063113
0.062793
0.062474
0.062155
0.061836
0.061517
0.061198
0.060879
0.060560
0.060241
0.059922
0.059603
0.059284
0.058965
0.058646
0.058327
0.058008
0.057688
0.057369
0.057050
0.056731
0.056412
0.056093
0.055774
0.055455
0.055136
0.054817
0.054498
0.054179
0.053860
0.053541
0.053222
0.052903
0.052583
0.052264
0.051945
0.051626
0.051307
0.050988
0.050669
0.050350
0.050031
0.049712
0.049393
0.049074
0.048755
0.048436
0.048117
0.047798
0.047478
0.047159
0.046840
0.046521
0.046202
0.045883
0.045564
0.045245
0.044926
0.044607
0.044288
0.043969
0.043650
0.043331
0.043146
0.042968
0.042791
0.042614
0.042437
0.042259
0.042082
0.041905
0.041728
0.041550
0.041373
0.041196
0.041019
0.040841
0.040664
0.040487
0.040310
0.040132
0.039955
0.039778
0.039601
0.039423
0.039246
0.039069
0.038892
0.038714
0.038537
0.038360
0.038183
0.038005
0.037828
0.037651
0.037474
0.037296
0.037119
0.036942
0.036765
0.036587
0.036410
0.036233
0.036056
0.035878
0.035701
0.035524
0.035347
0.035169
0.034992
0.034815
0.034638
0.034460
0.034283
0.034106
0.033929
0.033751
0.033574
0.033397
0.033220
0.033042
0.032865
0.032688
0.032511
0.032333
0.032156
0.031979
0.031801
0.031624
0.031447
0.031270
0.031092
0.030915
0.030738
0.030561
0.030383
0.030206
0.030029
0.029852
0.029674
0.029497
0.029320
0.029143
0.029130
0.029127
0.029124
0.029121
0.029118
0.029115
0.029112
0.029109
0.029106
0.029103
0.029100
0.029097
0.029094
0.029091
0.029088
0.029085
0.029082
0.029079
0.029076
0.029073
0.029070
0.029067
0.029064
0.029061
0.029058
0.029055
0.029052
0.029049
0.029046
0.029043
0.029040
0.029037
0.029034
0.029031
0.029028
0.029025
0.029022
0.029019
0.029016
0.029013
0.029010
0.029007
0.029004
0.029001
0.028998
0.028995
0.028992
0.028989
0.028986
0.028983
0.028980
0.028977
0.028974
0.028971
0.028968
0.028965
0.028962
0.028959
0.028956
0.028953
0.028950
0.028947
0.028944
0.028941
0.028938
0.028935
0.028932
0.028929
0.028926
0.028923
0.028920
0.028917
0.028914
0.028911
0.028908
0.028905
0.028902
0.028899
0.028896
0.028893
0.028936
0.028981
0.029027
0.029072
0.029118
0.029164
0.029209
0.029255
0.029300
0.029346
0.029391
0.029437
0.029482
0.029528
0.029573
0.029619
0.029665
0.029710
0.029756
0.029801
0.029847
0.029892
0.029938
0.029983
0.030029
0.030074
0.030120
0.030166
0.030211
0.030257
0.030302
0.030348
0.030393
0.030439
0.030484
0.030530
0.030576
0.030621
0.030667
0.030712
0.030758
0.030803
0.030849
0.030894
0.030940
0.030985
0.031031
0.031077
0.031122
0.031168
0.031213
0.031259
0.031304
0.031350
0.031395
0.031441
0.031487
0.031532
0.031578
0.031623
0.031669
0.031714
0.031760
0.031805
0.031851
0.031896
0.031942
0.031988
0.032033
0.032079
0.032124
0.032170
0.032215
0.032261
0.032306
0.032352
0.032397
0.032443
0.032489
0.032534
0.032460
0.032378
0.032297
0.032215
0.032134
0.032052
0.031971
0.031889
0.031808
0.031726
0.031645
0.031563
0.031482
0.031401
0.031319
0.031238
0.031156
0.031075
0.030993
0.030912
0.030830
0.030749
0.030667
0.030586
0.030504
0.030423
0.030341
0.030260
0.030179
0.030097
0.030016
0.029934
0.029853
0.029771
0.029690
0.029608
0.029527
0.029445
0.029364
0.029282
0.029201
0.029119
0.029038
0.028957
0.028875
0.028794
0.028712
0.028631
0.028549
0.028468
0.028386
0.028305
0.028223
0.028142
0.028060
0.027979
0.027897
0.027816
0.027735
0.027653
0.027572
0.027490
0.027409
0.027327
0.027246
0.027164
0.027083
0.027001
0.026920
0.026838
0.026757
0.026675
0.026594
0.026513
0.026431
0.026350
0.026268
0.026187
0.026105
0.026024
0.026096
0.026177
0.026258
0.026339
0.026420
0.026501
0.026582
0.026663
0.026744
0.026825
0.026906
0.026987
0.027068
0.027149
0.027230
0.027311
0.027392
0.027473
0.027554
0.027635
0.027716
0.027797
0.027878
0.027959
0.028040
0.028121
0.028202
0.028283
0.028364
0.028445
0.028526
0.028607
0.028688
0.028769
0.028850
0.028931
0.029012
0.029093
0.029174
0.029255
0.029336
0.029417
0.029498
0.029579
0.029660
0.029741
0.029822
0.029903
0.029984
0.030065
0.030146
0.030227
0.030308
0.030389
0.030470
0.030551
0.030632
0.030713
0.030795
0.030876
0.030957
0.031038
0.031119
0.031200
0.031281
0.031362
0.031443
0.031524
0.031605
0.031686
0.031767
0.031848
0.031929
0.032010
0.032091
0.032172
0.032230
0.032216
0.032202
0.032187
0.032173
0.032158
0.032144
0.032129
0.032115
0.032101
0.032086
0.032072
0.032057
0.032043
0.032028
0.032014
0.031999
0.031985
0.031971
0.031956
0.031942
0.031927
0.031913
0.031898
0.031884
0.031869
0.031855
0.031841
0.031826
0.031812
0.031797
0.031783
0.031768
0.031754
0.031739
0.031725
0.031711
0.031696
0.031682
0.031667
0.031653
0.031638
0.031624
0.031609
0.031595
0.031581
0.031566
0.031552
0.031537
0.031523
0.031508
0.031494
0.031480
0.031465
0.031451
0.031436
0.031422
0.031407
0.031393
0.031378
0.031364
0.031350
0.031387
0.031465
0.031544
0.031623
0.031702
0.031780
0.031859
0.031938
0.032017
0.032096
0.032174
0.032253
0.032332
0.032411
0.032489
0.032568
0.032647
0.032726
0.032805
0.032883
0.032962
0.033041
0.033120
0.033198
0.033277
0.033356
0.033435
0.033514
0.033592
0.033671
0.033750
0.033829
0.033907
0.033986
0.034065
0.034144
0.034223
0.034301
0.034380
0.034459
0.034538
0.034616
0.034695
0.034774
0.034853
0.034932
0.035010
0.035089
0.035066
0.034963
0.034861
0.034758
0.034655
0.034553
0.034450
0.034347
0.034244
0.034142
0.034039
0.033936
0.033834
0.033731
0.033628
0.033525
0.033423
0.033320
0.033217
0.033115
0.033012
0.032909
0.032807
0.032704
0.032601
0.032498
0.032396
0.032293
0.032190
0.032088
0.031985
0.031882
0.031779
0.031677
0.031574
0.031471
0.031369
0.031266
0.031163
0.031061
0.031172
0.031397
0.031621
0.031846
0.032071
0.032296
0.032520
0.032745
0.032970
0.033195
0.033419
0.033644
0.033869
0.034094
0.034318
0.034543
0.034768
0.034993
0.035217
0.035442
0.035667
0.035892
0.036116
0.036341
0.036566
0.036791
0.037015
0.037240
0.037465
0.037690
0.037914
0.038139
0.038364
0.038540
0.038507
0.038474
0.038441
0.038408
0.038376
0.038343
0.038310
0.038277
0.038244
0.038211
0.038179
0.038146
0.038113
0.038080
0.038047
0.038014
0.037982
0.037949
0.037916
0.037883
0.037850
0.037818
0.037785
0.037752
0.037719
0.037686
0.037653
0.037621
0.037657
0.037937
0.038216
0.038496
0.038776
0.039055
0.039335
0.039615
0.039894
0.040174
0.040454
0.040734
0.041013
0.041293
0.041573
0.041852
0.042132
0.042412
0.042691
0.042971
0.043251
0.043530
0.043810
0.044090
0.044385
0.044757
0.045130
0.045503
0.045875
0.046248
0.046621
0.046994
0.047366
0.047739
0.048112
0.048484
0.048857
0.049230
0.049603
0.049975
0.050348
0.050721
0.051093
0.051466
0.051839
0.052114
0.052359
0.052604
0.052848
0.053093
0.053338
0.053582
0.053827
0.054072
0.054316
0.054561
0.054806
0.055050
0.055295
0.055540
0.055785
0.056029
0.056274
0.056642
0.057044
0.057447
0.057850
0.058253
0.058656
0.059058
0.059461
0.059864
0.060267
0.060670
0.061072
0.061475
0.061878
0.062281
0.062957
0.064136
0.065314
0.066492
0.067671
0.068849
0.070027
0.071205
0.072384
0.073562
0.074740
0.075919
0.077097
0.078284
0.079578
0.080871
0.082164
0.083458
0.084751
0.086044
0.087338
0.088631
0.089925
0.091218
0.092511
0.093805
0.095668
0.097788
0.099909
0.102029
0.104150
0.106271
0.108391
0.110512
0.112632
0.114753
0.116874
0.118739
0.120442
0.122144
0.123846
0.125548
0.127251
0.128953
0.130655
0.132357
0.134059
0.135532
0.136206
0.136880
0.137554
0.138227
0.138901
0.139575
0.140248
0.140922
0.141596
0.143733
0.146577
0.149422
0.152266
0.155111
0.157955
0.160799
0.163644
0.166488
0.167189
0.166750
0.166312
0.165873
0.165434
0.164996
0.164557
0.164118
0.164776
0.166655
0.168534
0.170413
0.172292
0.174172
0.176051
0.177930
0.180630
0.184081
0.187533
0.190984
0.194436
0.197888
0.201339
0.204491
0.205901
0.207311
0.208721
0.210131
0.211541
0.212951
0.214379
0.216132
0.217885
0.219638
0.221392
0.223145
0.224898
0.224907
0.222479
0.220051
0.217622
0.215194
0.212766
0.210447
0.210211
0.209974
0.209738
0.209502
0.209265
0.209248
0.212541
0.215835
0.219128
0.222421
0.225715
0.229681
0.235338
0.240995
0.246652
0.252309
0.257966
0.259080
0.259240
0.259400
0.259560
0.259720
0.258849
0.257232
0.255616
0.254000
0.252384
0.251242
0.250647
0.250052
0.249457
0.248862
0.252579
0.258035
0.263491
0.268946
0.274504
0.280451
0.286399
0.292347
0.298295
0.299351
0.298162
0.296972
0.295782
0.296074
0.298339
0.300603
0.302867
0.305594
0.309654
0.313713
0.317773
0.320934
0.320729
0.320524
0.320318
0.321436
0.325917
0.330397
0.334878
0.334673
0.330367
0.326061
0.321755
0.330834
0.341646
0.352457
0.357116
0.350453
0.343791
0.337128
0.340811
0.346163
0.351516
0.354414
0.354571
0.354729
0.355244
0.357346
0.359449
0.361574
0.370608
0.379642
0.388676
0.395566
0.402091
0.408617
0.415875
0.423308
0.430742
0.422356
0.408284
0.394211
0.397515
0.402608
0.407721
0.415067
0.422414
0.429227
0.433291
0.437356
0.441920
0.447567
0.453215
0.451448
0.442464
0.433480
0.440123
0.449861
0.459288
0.463701
0.468115
0.476358
0.494249
0.512140
0.524940
0.533571
0.542202
0.551524
0.560977
0.577014
0.617879
0.658744
0.700950
0.744513
0.788076
0.798465
0.796390
0.794314
0.821543
0.850088
0.879877
0.922328
0.964779
1.003732
1.031458
1.059184
1.087351
1.116351
1.145351
1.196472
1.288642
1.380811
1.452748
1.478513
1.504278
1.532466
1.588786
1.645105
1.701425
1.775954
1.858422
1.940891
2.024568
2.118249
2.211929
2.305609
2.391079
2.459743
2.528406
2.597069
2.688358
2.820872
2.953387
3.085902
3.218408
3.350858
3.483308
3.615758
3.748208
3.856171
3.958605
4.061038
4.163472
4.246112
4.273951
4.301790
4.329630
4.357469
4.299785
4.183811
4.067836
3.951861
3.835887
3.901956
3.978342
4.054727
4.131112
4.128130
3.969114
3.810098
3.651082
3.492066
3.304434
3.105675
2.906915
2.708156
2.512834
2.354372
2.195910
2.037447
1.878985
1.759540
1.668079
1.576618
1.485158
1.392249
1.295742
1.199235
1.102728
1.008748
0.932890
0.857032
0.781174
0.710185
0.662536
0.614886
0.567236
0.522693
0.483460
0.444227
0.404994
0.383643
0.367413
0.351184
0.335118
0.319308
0.303498
0.287668
0.271639
0.255610
0.239581
0.231014
0.222631
0.214248
0.206270
0.198307
0.190730
0.188122
0.185515
0.183408
0.182687
0.181967
0.182976
0.185416
0.187855
0.186608
0.184974
0.186094
0.192440
0.198786
0.203110
0.206842
0.210939
0.215936
0.220932
0.234007
0.249393
0.263138
0.272745
0.282351
0.290042
0.297332
0.308627
0.325030
0.343117
0.387159
0.431201
0.460742
0.482661
0.504414
0.525730
0.547047
0.589021
0.633428
0.674710
0.712450
0.750253
0.788706
0.827160
0.873619
0.923761
0.977210
1.039854
1.102499
1.114851
1.113877
1.129278
1.177180
1.225081
1.237734
1.244071
1.248059
1.248583
1.249107
1.229903
1.208299
1.192331
1.186735
1.181139
1.162072
1.139517
1.127799
1.150627
1.173454
1.174147
1.161498
1.148850
1.172145
1.195905
1.212487
1.214058
1.215629
1.232190
1.259806
1.287421
1.300371
1.309379
1.318387
1.316177
1.313232
1.313023
1.353650
1.394277
1.427717
1.422783
1.417848
1.418698
1.434801
1.450905
1.472876
1.505484
1.538091
1.569139
1.597669
1.611063
1.600545
1.593019
1.590046
1.588953
1.591296
1.594730
1.600684
1.613702
1.655739
1.698103
1.745144
1.792185
1.829916
1.866897
1.890763
1.911483
1.885876
1.834997
1.863093
1.968748
2.062845
2.135097
2.201810
2.243328
2.286110
2.361246
2.436381
2.406813
2.364390
2.360361
2.368070
2.371645
2.372657
2.431774
2.549858
2.615992
2.596107
2.623771
2.786207
2.921169
2.916845
2.914792
2.934108
2.953989
2.984744
3.015516
3.055954
3.096393
3.114023
3.130421
3.068669
2.997077
3.086142
3.209467
3.261423
3.290619
3.185321
3.015996
2.988267
3.060197
3.126072
3.186297
3.226519
3.242921
3.265276
3.295799
3.310352
3.296691
3.252946
3.145534
3.074332
3.094796
3.122518
3.172928
3.200711
3.138564
3.099681
3.174230
3.247295
3.309672
3.367455
3.386558
3.406477
3.436686
3.463513
3.407041
3.350797
3.337254
3.323712
3.436976
3.555144
3.670445
3.785554
3.729613
3.655692
3.604005
3.555188
3.630602
3.726550
3.752297
3.762901
3.782756
3.804535
3.768801
3.718736
3.804269
3.931766
3.906801
3.822156
3.829968
3.880913
3.850022
3.774220
3.714642
3.665395
3.675627
3.731577
3.787174
3.842473
3.875965
3.889205
3.875259
3.830904
3.830941
3.893003
3.902641
3.825189
3.766222
3.745654
3.789609
3.990036
4.140852
4.140523
4.143679
4.162126
4.183941
4.230955
4.275922
4.284331
4.292739
4.260015
4.227067
4.247396
4.272139
4.278530
4.281488
4.333602
4.401768
4.451730
4.492545
4.558369
4.642663
4.739583
4.850846
4.847887
4.640032
4.503964
4.598928
4.705847
4.906144
5.106441
5.016081
4.922638
4.983836
5.071123
5.373790
5.758330
5.892942
5.837215
5.824450
5.871915
5.923378
5.986320
6.070533
6.354823
6.639114
6.711450
6.766286
6.819708
6.872613
6.906278
6.922561
7.011942
7.077382
6.739458
6.673405
7.096578
7.231405
7.177757
7.030642
6.871867
6.802731
6.845160
7.156082
7.184405
6.940067
7.208709
7.665289
7.689316
7.660136
7.459510
7.352295
7.449269
7.640239
7.931226
7.962844
7.853717
7.703591
7.543032
7.418042
7.321579
7.613417
7.838785
7.751555
7.720350
7.830147
7.968661
8.152088
8.309858
8.437516
8.406577
8.234264
8.099810
7.993105
7.835891
7.644777
7.833546
8.264880
8.254020
7.957632
8.045713
8.402119
8.435876
8.210204
7.944249
7.638048
7.522711
7.667564
7.770225
7.789131
7.793638
7.751245
7.744814
8.040037
8.335260
8.117656
7.874737
7.867417
7.923478
7.717196
7.335047
7.087358
7.068512
7.048630
7.021092
6.993553
7.158998
7.361611
7.445674
7.424660
7.407567
7.407409
7.407251
7.461574
7.527779
7.581994
7.619069
7.656144
7.485804
7.310534
7.316085
7.492685
7.668667
7.599264
7.529860
7.468198
7.416672
7.365145
7.237147
7.094433
7.040047
7.252779
7.465510
7.611206
7.726201
7.814672
7.771138
7.727603
7.733458
7.761919
7.774267
7.731991
7.689715
7.607340
7.513745
7.493948
7.604044
7.714139
7.714569
7.711106
7.648583
7.544303
7.410944
7.182225
6.953505
7.003345
7.083201
7.148661
7.203278
7.251476
7.280278
7.309080
7.307017
7.303341
7.363476
7.455489
7.462928
7.341541
7.226044
7.147742
7.069441
7.026445
6.987166
7.071049
7.209052
7.244140
7.168175
7.125856
7.169927
7.206922
7.175594
7.144266
7.097796
7.049883
6.897854
6.712084
6.627517
6.610352
6.579330
6.530549
6.472492
6.390492
6.328328
6.390082
6.451836
6.496178
6.540475
6.518406
6.485583
6.344283
6.162159
6.135102
6.212517
6.274635
6.319692
6.316861
6.227567
6.149910
6.108020
6.078104
6.124315
6.168126
6.127669
6.087213
6.162933
6.248544
6.200371
6.122253
6.110179
6.124038
6.087617
6.021083
6.044027
6.145605
6.260765
6.392805
6.422761
6.275773
6.109427
5.894345
5.691644
5.538789
5.408772
5.468966
5.529741
5.635335
5.740929
5.728170
5.705052
5.692053
5.681191
5.721716
5.782295
5.794326
5.776057
5.712969
5.607395
5.536163
5.514072
5.522612
5.598701
5.651823
5.616989
5.586857
5.603211
5.619566
5.628872
5.637993
5.601887
5.558151
5.564480
5.589047
5.589009
5.572449
5.580364
5.616625
5.633256
5.609177
5.585624
5.564569
5.544283
5.580192
5.616101
5.640260
5.662204
5.708030
5.766792
5.788783
5.765775
5.740371
5.707378
5.674272
5.636316
5.598359
5.605816
5.624612
5.630700
5.626939
5.638225
5.684047
5.728203
5.727182
5.726162
5.761275
5.807898
5.820399
5.793531
5.767585
5.746944
5.726304
5.734598
5.749565
5.770478
5.798369
5.818997
5.770314
5.721631
5.731072
5.764488
5.789878
5.795959
5.802040
5.829406
5.860285
5.871715
5.853223
5.834731
5.819439
5.804429
5.806804
5.834792
5.862780
5.828131
5.783438
5.758691
5.781316
5.803940
5.813097
5.816507
5.816385
5.775252
5.734119
5.726349
5.762152
5.797955
5.823609
5.845741
5.867774
5.862031
5.856287
5.861129
5.906076
5.951024
5.995171
6.037952
6.080733
6.104363
6.107040
6.109717
6.113479
6.118169
6.122859
6.126635
6.129694
6.132753
6.168636
6.224667
6.280698
6.293184
6.288880
6.284575
6.344118
6.413649
6.476276
6.425784
6.375292
6.356523
6.414241
6.471959
6.530840
6.590615
6.650390
6.664739
6.672555
6.695063
6.771381
6.847699
6.883151
6.890220
6.897293
6.909434
6.921575
6.935854
6.952927
6.970000
7.036436
7.109047
7.153679
7.151434
7.149190
7.147545
7.145984
7.166355
7.219639
7.272922
7.292489
7.310060
7.304343
7.276369
7.264881
7.407487
7.550093
7.572725
7.541861
7.524244
7.535748
7.547253
7.573927
7.601384
7.645715
7.701169
7.745494
7.759403
7.773312
7.805753
7.839279
7.873021
7.906888
7.936540
7.957779
7.978633
7.990843
8.003053
8.009491
8.014111
8.082516
8.217805
8.317168
8.294374
8.271580
8.291434
8.312306
8.347465
8.387737
8.447538
8.526576
8.580588
8.568624
8.557408
8.560047
8.562686
8.606440
8.658803
8.717079
8.779104
8.798537
8.754300
8.733145
8.809365
8.885585
8.917761
8.949251
8.999688
9.055496
9.080580
9.083005
9.111967
9.185234
9.244608
9.238794
9.232980
9.249495
9.266493
9.351490
9.455291
9.469051
9.418795
9.410929
9.470980
9.518072
9.507963
9.497853
9.594745
9.693387
9.731122
9.751598
9.739625
9.702811
9.692260
9.729376
9.771600
9.845154
9.918708
9.904725
9.883326
9.929317
10.004098
10.045884
10.051512
10.085668
10.205663
10.322407
10.233522
10.144637
10.194608
10.285344
10.348450
10.386143
10.390562
10.299774
10.208985
10.354467
10.502610
10.532767
10.514717
10.524883
10.573538
10.623683
10.684193
10.744704
10.753934
10.751635
10.748918
10.745763
10.745430
10.760263
10.775097
10.796171
10.818676
10.831392
10.832276
10.834615
10.854418
10.874221
10.956432
11.067369
11.162914
11.217964
11.273014
11.288638
11.297325
11.298909
11.290090
11.281272
11.338502
11.399999
11.432870
11.431578
11.430286
11.406206
11.380940
11.396616
11.469095
11.541573
11.488130
11.414266
11.374681
11.425803
11.476924
11.534345
11.595030
11.655197
11.612133
11.569069
11.551954
11.588765
11.625577
11.635165
11.627334
11.619504
11.638197
11.661349
11.686095
11.734996
11.783896
11.812030
11.768494
11.724959
11.709258
11.746954
11.784649
11.821836
11.858300
11.894763
11.911642
11.902779
11.893917
11.898150
11.922222
11.946294
11.987509
12.056390
12.125271
12.163899
12.161756
12.159614
12.195594
12.266932
12.338270
12.409148
12.479785
12.550423
12.622385
12.694595
12.768280
12.861021
12.953762
13.033618
13.088170
13.142723
13.138207
13.102154
13.066100
13.199595
13.334141
13.431730
13.465543
13.499357
13.520934
13.538918
13.573857
13.672513
13.771170
13.779631
13.744843
13.722244
13.760354
13.798465
13.907079
14.047441
14.141460
14.087362
14.033264
14.099469
14.194362
14.210798
14.106216
14.002568
14.167736
14.332905
14.432329
14.494223
14.555995
14.617468
14.678940
14.699728
14.718656
14.702073
14.665109
14.639221
14.636455
14.634055
14.644323
14.654590
14.745611
14.863983
14.987450
15.116471
15.212948
15.197163
15.181379
15.320746
15.462575
15.422966
15.323228
15.267537
15.252122
15.303421
15.508106
15.690912
15.652032
15.613153
15.683403
15.768816
15.739777
15.655504
15.670789
15.794543
15.911274
16.010720
16.094700
16.041937
15.989175
16.076635
16.176461
16.163063
16.110434
16.133619
16.215067
16.266784
16.273892
16.301363
16.393276
16.478904
16.496354
16.513804
16.457143
16.394878
16.509423
16.674294
16.762219
16.806356
16.829534
16.831327
16.873803
16.993438
17.082914
17.044499
17.015080
17.228718
17.442356
17.674898
17.909945
18.013540
18.068863
18.137293
18.215129
18.309519
18.425691
18.572366
18.799285
19.016306
19.152061
19.287816
19.563361
19.847058
19.924590
19.943678
20.049371
20.210522
20.468699
20.854808
21.191110
21.373723
21.553457
21.682406
21.811354
22.057136
22.322220
22.642831
22.992814
23.371490
23.786481
24.082702
23.944056
23.805410
24.152476
24.510658
24.751003
24.948351
25.187116
25.470787
25.794610
26.263368
26.732125
27.051153
27.360436
27.639225
27.900872
28.090506
28.138888
28.193338
28.597504
29.001670
29.474027
29.978738
30.402374
30.654153
30.905933
31.303806
31.711026
32.139573
32.586156
33.013740
33.313009
33.612278
33.989446
34.400506
34.773769
35.033330
35.292891
35.675570
36.093555
36.446104
36.626005
36.805905
37.273391
37.838059
38.391232
38.896422
39.401612
39.844211
40.246002
40.647793
41.173433
41.700967
42.147180
42.425804
42.704428
42.985620
43.268243
43.550865
44.305445
45.100707
45.842529
46.301675
46.760821
47.269034
47.865917
48.462799
48.924771
49.256631
49.588491
50.089217
50.695428
51.301639
51.897296
52.487750
53.078204
53.482824
53.793714
54.104604
54.795007
55.676549
56.558092
57.424080
58.283921
59.143761
59.903011
60.640569
61.378127
62.352248
63.331216
64.313432
65.310903
66.308374
67.068021
67.482165
67.896308
69.031605
70.507531
71.983457
72.709848
73.418732
74.168587
75.006775
75.844962
76.728384
77.632095
78.532526
79.401098
80.269670
81.170092
82.099397
83.028702
84.059561
85.092318
85.951423
86.609293
87.267164
87.509406
87.738423
88.454893
89.666231
90.868391
91.857872
92.847354
93.617279
94.243301
95.005843
96.369375
97.732906
98.587533
99.301234
100.053772
100.865202
101.663473
102.000594
102.337715
103.335508
104.654815
105.842822
106.759607
107.676392
108.423654
109.170768
109.513557
109.671622
110.257803
111.522462
112.622041
112.200395
111.778750
112.506782
113.490126
114.588774
115.782919
116.953805
118.065926
119.128364
118.505108
117.881852
118.151781
118.671015
119.247296
119.871770
120.299419
120.288145
120.273723
120.225308
120.176893
120.414339
120.695904
121.090104
121.544126
121.734279
121.594825
121.457344
121.326296
121.186523
120.793220
120.399918
120.480925
120.656481
120.909228
121.206323
121.210801
120.838548
120.756957
121.591017
122.359632
121.787819
121.216007
121.284166
121.462126
121.392382
121.196182
121.821405
123.368284
124.219849
123.287167
122.335797
121.191267
120.046736
120.257049
120.627195
120.891150
121.109263
121.035551
120.669800
120.305408
119.944228
119.644203
120.004265
120.364326
120.540867
120.690594
120.326135
119.690512
119.267493
119.124829
119.116044
119.639792
120.163539
119.971730
119.752811
119.622966
119.527914
119.823919
120.564957
120.973339
120.121844
119.270350
119.069963
118.909841
119.637051
120.810555
121.151494
120.126404
119.172084
119.019711
118.867338
118.570153
118.230354
118.472033
119.416175
120.151842
119.371661
118.591481
118.153438
117.814341
117.454980
117.066511
116.720737
117.495334
118.269932
117.810540
116.678311
115.982016
116.652774
117.323531
117.206317
116.915765
116.783298
116.910730
117.038162
116.656943
116.228432
115.984282
115.984282
