0.668379
0.668379
0.668379
0.668379
0.668379
0.668379
0.642699
0.565239
0.487779
0.410320
0.332860
0.255401
0.177941
0.146231
0.137582
0.128934
0.120285
0.111636
0.102987
0.094338
0.086914
0.079492
0.072070
0.064648
0.057226
0.049804
0.044191
0.042228
0.040264
0.038300
0.036336
0.034372
0.032408
0.031149
0.030245
0.029341
0.028437
0.027533
0.026629
0.025725
0.026407
0.027091
0.027775
0.028459
0.029144
0.029828
0.030278
0.030256
0.030234
0.030212
0.030190
0.030167
0.030145
0.031599
0.033795
0.035992
0.038189
0.040386
0.042583
0.044760
0.045396
0.046031
0.046667
0.047303
0.047938
0.048574
0.049721
0.051495
0.053268
0.055042
0.056816
0.058589
0.063828
0.069256
0.074684
0.080113
0.084066
0.086883
0.089699
0.092614
0.097463
0.102311
0.110104
0.126007
0.141895
0.156228
0.172432
0.201269
0.226149
0.254143
0.319667
0.342304
0.379489
0.396728
0.425351
0.445912
0.468925
0.523709
0.522495
0.512316
0.595816
0.558558
0.610421
0.559735
0.508411
0.634809
0.672562
0.776729
0.781873
0.714560
0.494940
0.664719
0.657753
0.680181
0.684480
0.646261
0.538149
0.620884
0.634173
0.684739
0.668889
0.659887
0.554187
0.598222
0.608438
0.614087
0.656102
0.621992
0.612844
0.630787
0.727494
0.757406
0.803899
0.827862
0.866074
0.889241
0.867984
0.881731
0.944819
0.995228
1.046609
1.078248
1.150879
1.272595
1.331803
1.383339
1.445288
1.548983
1.578866
1.623305
1.676332
1.765573
1.798762
1.868505
1.938144
1.979726
1.980301
1.994802
1.985644
2.001418
2.087902
2.228710
2.356940
2.551859
2.755064
2.877826
2.987330
3.115701
3.250606
3.382877
3.565897
3.593811
3.666692
3.623868
3.740982
3.684372
3.561649
3.556581
3.469525
3.434332
3.295054
3.382920
3.689790
3.863531
4.102250
4.264595
4.360310
4.714969
4.691512
5.025612
4.908190
5.105188
5.579168
6.248350
6.786037
7.396153
7.891875
8.460702
9.473180
10.496864
12.658479
14.372215
16.598785
18.671742
22.014618
23.922034
25.796811
25.424857
25.212622
25.058295
25.949549
25.766629
