0.668379
0.668379
0.668379
0.668379
0.668379
0.668379
0.642810
0.565686
0.488562
0.411437
0.334313
0.257189
0.180065
0.149026
0.141218
0.133409
0.125600
0.117791
0.109983
0.102174
0.094845
0.087517
0.080189
0.072860
0.065532
0.058204
0.052019
0.048139
0.044259
0.040379
0.036499
0.032619
0.028739
0.027242
0.026946
0.026649
0.026353
0.026057
0.025761
0.025465
0.025428
0.025392
0.025356
0.025320
0.025284
0.025248
0.025629
0.026853
0.028077
0.029301
0.030524
0.031748
0.032972
0.034649
0.036556
0.038462
0.040368
0.042274
0.044180
0.046087
0.045769
0.045447
0.045125
0.044804
0.044482
0.044160
0.044565
0.046367
0.048169
0.049971
0.051773
0.053575
0.057084
0.062009
0.066933
0.071858
0.076783
0.079695
0.082405
0.085115
0.088683
0.096728
0.104773
0.113526
0.125247
0.136967
0.146731
0.155885
0.175535
0.199235
0.234027
0.266854
0.301104
0.349640
0.339178
0.384818
0.402710
0.448120
0.473548
0.471596
0.503643
0.513094
0.547494
0.567844
0.609986
0.672137
0.622971
0.627101
0.578064
0.647694
0.703688
0.641265
0.611009
0.662678
0.636591
0.650011
0.621605
0.674260
0.549573
0.565317
0.609222
0.637654
0.582295
0.572840
0.572278
0.638417
0.603552
0.522072
0.545268
0.653356
0.637869
0.652760
0.661070
0.707349
0.756696
0.799605
0.830419
0.852463
0.881183
0.859445
0.888034
0.978549
0.990907
1.017155
1.063000
1.081346
1.098884
1.121153
1.132574
1.215599
1.259375
1.275740
1.306285
1.318532
1.336237
1.315513
1.353704
1.345182
1.354382
1.340424
1.444815
1.511209
1.584778
1.759081
1.738093
1.821581
1.946815
1.992007
2.118656
2.164248
2.221505
2.285565
2.337355
2.345049
2.355600
2.261890
2.179447
2.143298
2.085454
1.982848
1.906375
1.921374
1.924174
1.939059
2.024355
2.158333
2.279512
2.394445
2.578015
2.653544
2.676067
2.909468
3.211327
3.559489
3.909000
4.132788
4.498259
4.918592
4.928561
5.459283
5.609831
