0.668379
0.668379
0.668379
0.668379
0.668379
0.668379
0.642500
0.564441
0.486382
0.408323
0.330265
0.252206
0.174147
0.142076
0.133185
0.124295
0.115404
0.106514
0.097623
0.088732
0.082609
0.076490
0.070371
0.064252
0.058133
0.052014
0.046950
0.044011
0.041072
0.038133
0.035194
0.032255
0.029317
0.028072
0.027681
0.027291
0.026900
0.026510
0.026119
0.025729
0.026334
0.026942
0.027549
0.028156
0.028763
0.029370
0.030291
0.031842
0.033393
0.034945
0.036496
0.038048
0.039599
0.040775
0.041761
0.042747
0.043734
0.044720
0.045706
0.046693
0.047202
0.047711
0.048219
0.048728
0.049236
0.049745
0.051595
0.054675
0.057755
0.060835
0.063915
0.067374
0.072164
0.076955
0.081746
0.086489
0.090348
0.094206
0.098065
0.105985
0.115468
0.125505
0.141994
0.158484
0.174284
0.191750
0.218575
0.244933
0.284845
0.335988
0.342866
0.379277
0.407298
0.433621
0.487155
0.547903
0.485998
0.537187
0.548274
0.576556
0.597192
0.670828
0.679950
0.756136
0.751124
0.717638
0.844547
0.757175
0.808203
0.604615
0.477306
0.468106
0.443592
0.441150
0.439708
0.482481
0.403122
0.406165
0.439783
0.386269
0.454784
0.434569
0.466359
0.458814
0.510781
0.506083
0.507837
0.546024
0.537526
0.541276
0.500645
0.521745
0.513526
0.509931
0.617540
0.644158
0.663041
0.758008
0.744494
0.773276
0.762473
0.722431
0.697359
0.713833
0.747881
0.738356
0.678157
0.708813
0.602434
0.608411
0.585805
0.614849
0.583239
0.536686
0.511569
0.498791
0.476292
0.448462
0.429380
0.411377
0.394028
0.381058
0.354305
0.316731
0.279306
0.254770
0.241783
0.224781
0.246625
0.218949
0.206854
0.175319
0.180856
0.179662
0.165568
0.150492
0.137963
0.134154
0.116050
0.105297
0.103441
0.106456
0.099981
0.098047
0.095670
0.082726
0.077977
0.064516
0.066428
0.066279
0.056082
0.053860
0.053709
0.059937
0.068125
0.073285
0.076310
0.076582
0.072273
0.083310
0.086405
0.082961
0.091058
0.080009
0.093795
0.109890
0.110289
0.097873
0.070939
0.069277
0.068493
0.067152
0.075058
0.058575
0.051445
0.051634
