0.668379
0.668379
0.668379
0.668379
0.668379
0.668379
0.642343
0.563810
0.485277
0.406743
0.328210
0.249677
0.171144
0.146316
0.148558
0.150800
0.153042
0.155284
0.157527
0.159769
0.153045
0.146305
0.139566
0.132826
0.126086
0.119346
0.111884
0.102966
0.094048
0.085130
0.076212
0.067294
0.058376
0.052343
0.047763
0.043183
0.038604
0.034024
0.029445
0.024865
0.023829
0.022799
0.021769
0.020739
0.019709
0.018679
0.018582
0.020366
0.022150
0.023933
0.025717
0.027501
0.029285
0.030078
0.030371
0.030664
0.030956
0.031249
0.031542
0.031835
0.032320
0.032806
0.033291
0.033777
0.034262
0.034748
0.034816
0.034044
0.033272
0.032500
0.031727
0.030955
0.030183
0.029809
0.029635
0.029461
0.029287
0.029113
0.028939
0.028766
0.030331
0.031900
0.033468
0.035037
0.036606
0.038174
0.040146
0.042731
0.045315
0.047900
0.050485
0.053069
0.056155
0.059579
0.063003
0.066427
0.069850
0.074500
0.079931
0.085362
0.090793
0.096125
0.101133
0.106141
0.111149
0.116233
0.121504
0.126775
0.132046
0.141288
0.153969
0.166650
0.179331
0.180894
0.181392
0.181891
0.182840
0.188524
0.194207
0.199891
0.204389
0.206090
0.207791
0.209492
0.211441
0.214518
0.217595
0.220672
0.223749
0.222283
0.219940
0.217596
0.215253
0.212910
0.207874
0.202818
0.197763
0.192707
0.187652
0.182441
0.177222
0.172003
0.166783
0.161564
0.156761
0.152430
0.148100
0.143770
0.139439
0.135109
0.130871
0.126792
0.122713
0.118635
0.114556
0.110477
0.106398
0.100823
0.095128
0.089432
0.083736
0.078041
0.072345
0.067574
0.064901
0.062228
0.059554
0.056881
0.054207
0.051534
0.047970
0.044274
0.040578
0.036882
0.033185
0.029489
0.027130
0.026603
0.026076
0.025549
0.025022
0.024495
0.023968
0.025876
0.028345
0.030815
0.033285
0.035755
0.038225
0.041010
0.045644
0.050278
0.054912
0.059546
0.064180
0.068814
0.072358
0.074762
0.077167
0.079572
0.081977
0.084382
0.086787
0.083833
0.079587
0.075342
0.071097
0.066851
0.062606
0.058315
0.053745
0.049175
0.044605
0.040035
0.035464
0.030894
0.028484
