0.668379
0.668379
0.668379
0.668379
0.668379
0.668379
0.642078
0.562747
0.483415
0.404084
0.324752
0.245421
0.166089
0.133459
0.124368
0.115278
0.106187
0.097097
0.088007
0.078916
0.073503
0.068097
0.062690
0.057284
0.051878
0.046471
0.042168
0.040087
0.038006
0.035926
0.033845
0.031764
0.029684
0.029173
0.029453
0.029733
0.030014
0.030294
0.030574
0.030854
0.031269
0.031683
0.032098
0.032512
0.032927
0.033342
0.033738
0.034097
0.034456
0.034814
0.035173
0.035532
0.035891
0.037742
0.040346
0.042949
0.045553
0.048156
0.050760
0.053363
0.055570
0.057776
0.059982
0.062188
0.064394
0.066600
0.068641
0.070617
0.072593
0.074569
0.076546
0.081100
0.086439
0.091778
0.097117
0.100341
0.102997
0.105653
0.115688
0.130419
0.144739
0.154435
0.164561
0.187625
0.207966
0.235894
0.295541
0.319263
0.339279
0.425948
0.464793
0.439915
0.499148
0.522033
0.547249
0.536085
0.620388
0.665963
0.648842
0.655205
0.890769
1.287955
2.004691
13.047884
207.530699
1040.404070
486.452294
232.168720
143.695136
101.759744
56.305375
38.341919
2.955125
0.076864
0.038636
0.147463
0.310497
0.486456
0.786798
0.850396
0.929135
0.982268
1.093121
1.248568
1.387295
1.252923
1.287786
1.483397
1.456254
1.306487
1.272084
1.154193
1.206032
1.319746
1.660070
1.867282
1.931105
2.276190
2.438862
2.334048
2.659127
3.338246
3.066994
6.042410
5.414869
6.754493
4.548511
2.701469
2.871232
2.789502
2.828380
2.807445
2.939222
3.061786
3.354380
3.462666
3.484406
3.513318
3.704249
3.803564
3.851202
4.140431
4.394668
4.612312
4.845016
5.075264
5.416958
5.612149
5.864714
6.174529
6.415013
6.633015
6.867055
7.017989
7.283427
7.321881
7.420593
7.607314
7.591966
7.642203
8.156421
8.552640
9.055951
9.379033
9.761311
10.079099
10.524734
10.700989
10.953336
11.202256
11.667352
12.081782
12.852346
14.217830
16.116904
18.454971
20.669376
22.697874
25.497833
29.469676
35.488441
41.886554
48.372650
54.190258
61.331270
67.257731
72.605282
76.420267
76.664582
77.858576
78.237194
75.866007
75.612711
74.343031
73.115079
70.354675
69.371097
