0.668379
0.668379
0.668379
0.668379
0.668379
0.668379
0.641650
0.561026
0.480403
0.399779
0.319155
0.238532
0.157908
0.125027
0.116211
0.107395
0.098578
0.089762
0.080946
0.072129
0.067157
0.062192
0.057227
0.052261
0.047296
0.042331
0.038653
0.037573
0.036493
0.035412
0.034332
0.033251
0.032171
0.032263
0.032946
0.033630
0.034313
0.034996
0.035680
0.036363
0.036429
0.036493
0.036558
0.036622
0.036686
0.036751
0.037401
0.039231
0.041062
0.042892
0.044723
0.046554
0.048384
0.050921
0.053814
0.056708
0.059601
0.062494
0.065387
0.068280
0.069781
0.071279
0.072778
0.074276
0.075774
0.077272
0.080219
0.083706
0.087192
0.090679
0.094165
0.098375
0.102861
0.107347
0.111832
0.118186
0.125156
0.132126
0.139231
0.146457
0.153684
0.170339
0.187550
0.216546
0.246611
0.257179
0.272067
0.295008
0.333982
0.392037
0.472855
0.460846
0.456228
0.502872
0.579933
0.632786
0.630558
0.684698
0.787754
0.746332
0.676677
0.747914
0.845275
0.889659
0.992759
0.943653
1.066886
1.172120
0.968833
1.057998
1.136020
1.288941
1.387357
1.364748
1.284839
1.376368
1.267921
1.459398
1.677973
1.608244
1.907851
1.878254
1.874883
1.831978
1.947921
2.063845
2.194796
2.278291
2.373507
2.287465
2.305724
2.195761
2.329077
2.387528
2.516546
2.727370
2.800004
2.769066
2.923420
3.082827
3.077819
3.208928
3.090009
3.174322
3.302773
3.301209
3.578487
3.587812
3.809726
3.975427
4.058858
4.121012
4.163985
4.383587
4.514885
4.725013
4.872921
5.075490
5.261625
5.446712
5.565406
5.657861
5.924515
6.478444
6.756803
7.166700
7.610612
7.954859
8.373750
8.768858
9.073180
9.535347
9.815182
10.301484
10.655328
11.019497
11.266164
11.530070
11.691852
11.948437
11.861484
12.642774
13.441702
14.009983
14.531572
15.010009
15.603598
16.130245
16.472527
17.270212
17.502989
18.809663
20.307494
22.841138
26.282411
30.050073
33.641151
38.031097
42.987734
48.919313
55.802150
67.425596
78.970103
90.383373
102.940284
112.567582
122.463495
130.681336
132.404073
133.956299
130.114908
132.324056
130.842673
129.742657
128.417745
127.656077
