0.668379
0.668379
0.668379
0.668379
0.668379
0.668379
0.641979
0.562349
0.482720
0.403090
0.323460
0.243830
0.164200
0.131470
0.122379
0.113289
0.104198
0.095108
0.086017
0.076926
0.071904
0.066889
0.061873
0.056858
0.051843
0.046828
0.042728
0.040473
0.038218
0.035964
0.033709
0.031454
0.029200
0.028826
0.029402
0.029977
0.030552
0.031127
0.031702
0.032278
0.032675
0.033071
0.033468
0.033865
0.034261
0.034658
0.035099
0.035629
0.036159
0.036689
0.037219
0.037749
0.038280
0.040013
0.042352
0.044691
0.047031
0.049370
0.051709
0.054049
0.055337
0.056624
0.057911
0.059198
0.060485
0.061772
0.065144
0.069155
0.073165
0.077176
0.081186
0.085196
0.089206
0.093215
0.097225
0.103131
0.109514
0.115898
0.121694
0.127177
0.134468
0.153587
0.172779
0.192659
0.218442
0.252878
0.298481
0.356300
0.391384
0.446022
0.456562
0.464122
0.489281
0.525005
0.568829
0.617744
0.639211
0.622065
0.726047
0.797400
0.729405
1.172718
1.672956
5.525761
29.555855
815.820347
372.830955
172.657857
79.655698
87.102320
71.451363
24.436448
0.388146
0.036311
0.052624
0.219883
0.455943
0.776809
1.038366
0.936712
1.290389
1.378059
1.333433
1.347061
1.446633
1.448202
1.609471
1.634192
1.739002
1.942720
1.924163
1.832735
1.638107
1.709408
1.845035
1.904023
1.996826
2.049243
2.029856
2.007692
2.121024
2.277062
2.212077
2.286278
2.292512
2.386521
2.616389
2.707065
2.761265
2.914034
2.911451
3.132576
3.255802
3.462894
3.534371
3.645459
3.769799
3.912529
4.003470
4.218907
4.266745
4.407764
4.701721
5.008626
5.288410
5.554135
5.855361
6.098310
6.473903
6.688988
7.035420
7.295820
7.679245
7.846284
8.145588
8.193763
8.437610
8.478177
8.460442
8.710959
9.248724
9.772159
10.214126
10.514375
10.967088
11.297781
11.664799
12.090326
12.499335
12.842878
13.043208
13.698335
14.658487
16.044104
18.475587
21.027184
23.578099
26.441909
29.330791
33.618415
40.464718
47.657026
55.079027
62.972326
71.146141
76.918662
82.892192
88.994493
91.674949
90.910995
90.850651
90.042809
89.663051
87.503397
85.444680
83.792619
82.378072
