0.668379
0.668379
0.668379
0.668379
0.668379
0.668379
0.641804
0.561644
0.481484
0.401325
0.321165
0.241005
0.160846
0.128004
0.119014
0.110023
0.101032
0.092042
0.083051
0.074061
0.069113
0.064173
0.059233
0.054292
0.049352
0.044411
0.040509
0.038697
0.036886
0.035075
0.033263
0.031452
0.029641
0.029599
0.030449
0.031299
0.032150
0.033000
0.033850
0.034700
0.034286
0.033869
0.033452
0.033036
0.032619
0.032202
0.032408
0.033871
0.035333
0.036795
0.038257
0.039719
0.041181
0.043184
0.045458
0.047733
0.050008
0.052282
0.054557
0.056832
0.058151
0.059470
0.060789
0.062108
0.063427
0.064746
0.069183
0.074099
0.079014
0.083930
0.088846
0.092256
0.095558
0.098860
0.102162
0.108375
0.114796
0.121217
0.129584
0.138604
0.149293
0.166454
0.183964
0.203663
0.228023
0.259333
0.284099
0.323542
0.354731
0.362445
0.404745
0.514320
0.542443
0.508855
0.555548
0.608709
0.615357
0.679185
0.677793
0.698395
0.776380
0.850623
1.019962
1.295196
1.446461
2.484485
3.093287
2.721029
1.800829
1.073621
0.612522
0.455765
0.540734
0.709773
0.917335
1.030346
1.154549
1.196405
1.558952
1.382024
1.613049
1.636315
1.658081
1.863081
1.967124
2.119882
2.140765
2.263862
2.531217
2.509982
2.402211
2.268584
2.404227
3.017920
5.012593
5.191777
3.982879
3.566626
3.296457
3.281506
3.252481
2.983549
2.934355
3.059925
3.133519
3.102426
3.390756
3.393687
3.331852
3.493027
3.527297
3.596060
3.849958
3.867940
4.021892
4.145253
4.340983
4.516065
4.528396
4.733320
4.791742
4.934754
5.301613
5.590526
5.988468
6.379419
6.658515
6.984452
7.383023
7.699153
8.127585
8.486414
8.749868
9.079462
9.397647
9.637485
9.759702
10.065576
10.094671
10.094734
10.389511
11.010680
11.686727
12.256113
12.845825
13.324904
13.714760
14.209879
14.885913
14.975061
15.450071
16.131288
17.293829
19.688125
22.179365
25.098865
28.440540
31.633523
36.046752
39.998318
48.038576
57.234366
67.032268
77.042450
86.375730
95.611489
103.918905
110.334239
110.760702
112.166559
113.835834
110.200286
109.727864
108.536420
106.437598
105.512649
101.664580
