0.668379
0.668379
0.668379
0.668379
0.668379
0.668379
0.642243
0.563409
0.484576
0.405742
0.326908
0.248074
0.169240
0.136890
0.127969
0.119049
0.110128
0.101208
0.092287
0.083367
0.077424
0.071487
0.065550
0.059612
0.053675
0.047738
0.043206
0.041510
0.039814
0.038117
0.036421
0.034724
0.033028
0.031976
0.031248
0.030521
0.029793
0.029065
0.028338
0.027610
0.027537
0.027465
0.027393
0.027320
0.027248
0.027176
0.027729
0.029545
0.031360
0.033175
0.034990
0.036805
0.038620
0.040852
0.043294
0.045736
0.048178
0.050620
0.053062
0.055504
0.055830
0.056152
0.056474
0.056796
0.057119
0.057441
0.059756
0.063384
0.067011
0.070638
0.074265
0.077279
0.079695
0.082110
0.084526
0.088061
0.092766
0.097470
0.104766
0.118914
0.133062
0.146635
0.160011
0.175159
0.191196
0.221134
0.255478
0.295344
0.340450
0.377366
0.420224
0.422790
0.447229
0.546972
0.521822
0.532546
0.534988
0.592255
0.603315
0.642800
0.737972
0.942611
0.983041
2.008516
4.663328
57.709162
460.684452
10983.301730
2019.430198
431.280329
14.883982
1.061335
0.041896
0.049017
0.100655
0.165440
0.228074
0.244242
0.370921
0.363483
0.449595
0.471758
0.487275
0.542278
0.557216
0.676002
0.669512
0.710665
0.691009
0.669660
0.789212
0.726564
0.807598
0.907761
0.999499
1.164574
1.231192
1.211945
1.194976
1.144715
1.222645
1.255980
1.341937
1.407063
1.607268
1.628038
1.703221
1.975603
1.794135
1.820011
2.138778
1.983895
2.086941
2.213584
2.332117
2.387072
2.498709
2.533069
2.522417
2.647212
2.607221
2.726276
2.941633
3.077964
3.251029
3.353742
3.501594
3.642846
3.937824
4.176673
4.166188
4.233210
4.392658
4.561883
4.771667
4.792594
4.864079
4.737361
4.602253
4.984519
5.298084
5.485705
5.645800
5.851509
6.053127
6.285710
6.516263
6.571536
6.908540
7.019587
7.085268
7.213027
7.939757
8.818568
9.872129
10.966463
12.467314
13.390572
15.037561
18.212141
21.616881
24.387716
28.455015
31.947312
35.668493
39.319859
42.208179
44.069011
44.185488
44.115803
43.588988
42.864488
42.098952
41.410674
40.507583
38.469172
38.088424
