0.000000
0.013889
0.027778
0.041667
0.055556
0.069444
0.083333
0.097222
0.111111
0.125000
0.138889
0.152778
0.166667
0.180556
0.194444
0.208333
0.222222
0.236111
0.250000
0.263889
0.277778
0.291667
0.305556
0.319444
0.333333
0.347222
0.361111
0.375000
0.388889
0.402778
0.416667
0.430556
0.444444
0.458333
0.472222
0.486111
0.500000
0.513889
0.527778
0.541667
0.555556
0.569444
0.583333
0.597222
0.611111
0.625000
0.638889
0.652778
0.666667
0.680556
0.694444
0.708333
0.722222
0.736111
0.750000
0.763889
0.777778
0.791667
0.805556
0.819444
0.833333
0.847222
0.861111
0.875000
0.888889
0.902778
0.916667
0.930556
0.944444
0.958333
0.972222
0.986111
1.000000
1.013889
1.027778
1.041667
1.055556
1.069444
1.083333
1.097222
1.111111
1.125000
1.138889
1.152778
1.166667
1.180556
1.194444
1.208333
1.222222
1.236111
1.250000
1.263889
1.277778
1.291667
1.305556
1.319444
1.333333
1.347222
1.361111
1.375000
1.388889
1.402778
1.416667
1.430556
1.444444
1.458333
1.472222
1.486111
1.500000
1.513889
1.527778
1.541667
1.555556
1.569444
1.583333
1.597222
1.611111
1.625000
1.638889
1.652778
1.666667
1.680556
1.694444
1.708333
1.722222
1.736111
1.750000
1.763889
1.777778
1.791667
1.805556
1.819444
1.833333
1.847222
1.861111
1.875000
1.888889
1.902778
1.916667
1.930556
1.944444
1.958333
1.972222
1.986111
2.000000
2.013889
2.027778
2.041667
2.055556
2.069444
2.083333
2.097222
2.111111
2.125000
2.138889
2.152778
2.166667
2.180556
2.194444
2.208333
2.222222
2.236111
2.250000
2.263889
2.277778
2.291667
2.305556
2.319444
2.333333
2.347222
2.361111
2.375000
2.388889
2.402778
2.416667
2.430556
2.444444
2.458333
2.472222
2.486111
2.500000
2.513889
2.527778
2.541667
2.555556
2.569444
2.583333
2.597222
2.611111
2.625000
2.638889
2.652778
2.666667
2.680556
2.694444
2.708333
2.722222
2.736111
2.750000
2.763889
2.777778
2.791667
2.805556
2.819444
2.833333
2.847222
2.861111
2.875000
2.888889
2.902778
2.916667
2.930556
