0.655727
0.655727
0.655727
0.655727
0.655727
0.655727
0.655727
0.655727
0.655727
0.655727
0.655727
0.655727
0.655727
0.655727
0.655727
0.655727
0.655727
0.655727
0.655727
0.655727
0.655727
0.655727
0.655727
0.649707
0.630603
0.611500
0.592397
0.573293
0.554190
0.535086
0.515983
0.496879
0.477776
0.458672
0.439569
0.420465
0.401362
0.382258
0.363155
0.344051
0.324948
0.305845
0.286741
0.267638
0.248534
0.229431
0.210327
0.191224
0.172120
0.153017
0.144922
0.142796
0.140669
0.138542
0.136416
0.134289
0.132163
0.130036
0.127909
0.125783
0.123656
0.121529
0.119403
0.117276
0.115150
0.113023
0.110896
0.108770
0.106643
0.104517
0.102390
0.100263
0.098137
0.096010
0.093884
0.091757
0.089630
0.088245
0.086873
0.085502
0.084130
0.082759
0.081387
0.080015
0.078644
0.077272
0.075901
0.074529
0.073158
0.071786
0.070414
0.069043
0.067671
0.066300
0.064928
0.063556
0.062185
0.060813
0.059442
0.058070
0.056698
0.055327
0.053955
0.052757
0.051934
0.051111
0.050289
0.049466
0.048643
0.047821
0.046998
0.046175
0.045352
0.044530
0.043707
0.042884
0.042062
0.041239
0.040416
0.039594
0.038771
0.037948
0.037126
0.036303
0.035480
0.034657
0.033835
0.033012
0.032189
0.031367
0.031047
0.031001
0.030954
0.030908
0.030861
0.030815
0.030769
0.030722
0.030676
0.030629
0.030583
0.030536
0.030490
0.030443
0.030397
0.030350
0.030304
0.030257
0.030211
0.030164
0.030118
0.030071
0.030025
0.029978
0.029932
0.029885
0.029839
0.029678
0.029515
0.029353
0.029190
0.029027
0.028864
0.028701
0.028539
0.028376
0.028213
0.028050
0.027887
0.027724
0.027562
0.027399
0.027236
0.027073
0.026910
0.026747
0.026585
0.026422
0.026259
0.026096
0.025933
0.025770
0.025608
0.025500
0.025510
0.025521
0.025532
0.025543
0.025554
0.025565
0.025576
0.025587
0.025598
0.025608
0.025619
0.025630
0.025641
0.025652
0.025663
0.025674
0.025685
0.025696
0.025706
0.025717
0.025728
0.025739
0.025750
0.025761
0.025772
0.025783
0.025773
0.025752
0.025730
0.025709
0.025688
0.025667
0.025646
0.025624
0.025603
0.025582
0.025561
0.025540
0.025519
0.025497
0.025476
0.025455
0.025434
0.025413
0.025392
0.025370
0.025349
0.025328
0.025307
0.025286
0.025264
0.025243
0.025225
0.025332
0.025438
0.025545
0.025651
0.025758
0.025865
0.025971
0.026078
0.026184
0.026291
0.026398
0.026504
0.026611
0.026717
0.026824
0.026931
0.027037
0.027144
0.027250
0.027357
0.027464
0.027570
0.027675
0.027778
0.027881
0.027984
0.028087
0.028190
0.028293
0.028395
0.028498
0.028601
0.028704
0.028807
0.028910
0.029013
0.029115
0.029218
0.029321
0.029424
0.029556
0.029689
0.029822
0.029956
0.030089
0.030223
0.030356
0.030489
0.030623
0.030756
0.030889
0.031023
0.031156
0.031290
0.031364
0.031423
0.031483
0.031542
0.031602
0.031661
0.031721
0.031781
0.031840
0.031900
0.031959
0.032019
0.032304
0.032770
0.033237
0.033704
0.034170
0.034637
0.035104
0.035570
0.036037
0.036504
0.036947
0.037156
0.037365
0.037574
0.037782
0.037991
0.038200
0.038409
0.038618
0.038841
0.039287
0.039734
0.040180
0.040627
0.041073
0.041520
0.041966
0.042540
0.043488
0.044436
0.045384
0.046333
0.047281
0.048229
0.050415
0.053459
0.056502
0.059546
0.062590
0.065634
0.068365
0.070966
0.073568
0.076170
0.078772
0.081010
0.082748
0.084486
0.086224
0.087963
0.092010
0.097076
0.102141
0.107206
0.111551
0.113686
0.115821
0.117955
0.122137
0.134071
0.146004
0.157938
0.167637
0.174330
0.181023
0.187716
0.182940
0.176000
0.169061
0.168238
0.174797
0.181357
0.185823
0.185841
0.185859
0.188795
0.199452
0.210108
0.219047
0.225368
0.231688
0.236558
0.240729
0.245064
0.254194
0.263324
0.264061
0.258492
0.255660
0.260242
0.265741
0.283942
0.302142
0.297824
0.302539
0.298453
0.284994
0.281784
0.299097
0.295623
0.300881
0.321222
0.329396
0.319800
0.339162
0.357864
0.382172
0.372434
0.376605
0.369643
0.347738
0.363110
0.367890
0.350952
0.354492
0.383410
0.368634
0.374708
0.394841
0.440211
0.435591
0.407851
0.427725
0.413751
0.417184
0.437608
0.420536
0.406688
0.420466
0.433229
0.438698
0.458424
0.465182
0.454456
0.442064
0.468748
0.474900
0.463650
0.469963
0.462685
0.445946
0.432883
0.415579
0.413605
0.435287
0.441225
0.454932
0.473443
0.485500
0.503082
0.502913
0.526956
0.548478
0.545542
0.545844
0.552344
0.585550
0.552346
0.561877
0.579796
0.577563
0.553247
0.562773
0.575366
0.599314
0.635126
0.630460
0.624112
0.667592
0.695437
0.713343
0.707687
0.674719
0.680709
0.687837
0.672465
0.663005
0.680357
0.694542
0.643261
0.662964
0.660149
0.648028
0.638113
0.621700
0.616862
0.621296
0.621247
0.638678
0.670295
0.683969
0.702084
0.730560
0.746671
0.755720
0.734945
0.708782
0.721548
0.736795
0.768877
0.793621
0.770814
0.759103
0.787377
0.803105
0.792988
0.784909
0.780202
0.777857
0.778876
0.786154
0.802008
0.803136
0.786583
0.795811
0.832531
0.857448
0.869333
0.871662
0.862688
0.857678
0.857963
0.866782
0.890967
0.912038
0.924565
0.933248
0.918895
0.904543
0.948804
0.994373
1.002411
1.000849
1.005224
1.013635
1.042322
1.105701
1.164924
1.190868
1.216811
1.232813
1.246661
1.260345
1.273839
1.286412
1.286019
1.285625
1.299893
1.325290
1.350687
1.349962
1.349058
1.354096
1.370012
1.385929
1.401433
1.416630
1.431827
1.442885
1.451746
1.460607
1.484806
1.518230
1.551654
1.580806
1.607651
1.634497
1.662005
1.689726
1.717447
1.706652
1.693476
1.690463
1.732377
1.774291
1.799626
1.807260
1.814893
1.837904
1.863960
1.884637
1.884559
1.884482
1.895211
1.913038
1.930827
1.947045
1.963263
1.975069
1.982013
1.988957
2.017794
2.048086
2.076913
2.103627
2.130340
2.144938
2.157876
2.175600
2.202371
2.229141
2.239284
2.245419
2.255656
2.277862
2.300067
2.330257
2.364183
2.397697
2.426769
2.455842
2.490050
2.530617
2.571183
2.589824
2.602112
2.616262
2.657764
2.699265
2.734310
2.753388
2.772467
2.779827
2.772647
2.765467
2.783912
2.825754
2.867597
2.888812
2.889766
2.890719
2.904506
2.940751
2.976996
3.014319
3.061759
3.109199
3.156639
3.238263
3.325628
3.412994
3.464140
3.503277
3.542413
3.606796
3.678154
3.749513
3.812596
3.874971
3.933998
3.970250
4.006502
4.049687
4.103326
4.156966
4.176347
4.181844
4.193781
4.286966
4.380152
4.455267
4.511158
4.567049
4.616601
4.665819
4.704807
4.729208
4.753610
4.784255
4.815493
4.850444
4.890222
4.930000
4.983820
5.038169
5.081091
5.111875
5.142585
5.138144
5.133703
5.154553
5.197924
5.237612
5.211959
5.186307
5.216778
5.291342
5.361676
5.348053
5.334429
5.337586
5.356651
5.375716
5.417202
5.459618
5.482311
5.471519
5.460726
5.469178
5.485665
5.502152
5.469315
5.435945
5.420258
5.466978
5.513698
5.546966
5.558893
5.570820
5.577919
5.578646
5.579373
5.579536
5.578698
5.577860
5.585882
5.640368
5.694853
5.749611
5.823486
5.897362
5.971238
6.092593
6.215349
6.336394
6.387974
6.439553
6.490999
6.541694
6.592389
6.659927
6.760290
6.860653
6.931386
6.980510
7.029634
7.059721
7.086744
7.128742
7.240299
7.351857
7.407481
7.411412
7.415343
7.446955
7.482194
7.525275
7.590575
7.655876
7.660382
7.631293
7.603943
7.634600
7.665256
7.680256
7.672752
7.665247
7.603284
7.526010
7.493085
7.753921
8.014756
8.229323
8.388804
8.548285
8.755106
8.977437
9.199922
9.493940
9.787957
10.082522
10.379160
10.675799
10.956687
11.208633
11.460580
11.784166
12.205301
12.626436
12.983786
13.247642
13.511499
13.781329
14.066502
14.351674
14.637948
14.973563
15.309178
15.644793
16.257942
17.038057
17.818171
18.636165
19.538360
20.440554
21.341716
22.236200
23.130684
24.030554
25.004537
25.978520
26.969282
28.125075
29.280869
30.319652
30.878140
31.436628
32.172123
33.215425
34.258727
35.357733
36.495672
37.633610
38.554680
39.439108
40.272160
40.826385
41.380610
41.783898
42.024072
42.264246
42.443110
42.609501
42.839532
43.332807
43.826081
43.760129
43.269009
42.777888
42.761947
42.775642
42.584416
41.943759
41.303102
41.374050
41.788873
42.184573
41.597536
41.010499
40.580342
