0.655727
0.655727
0.655727
0.655727
0.655727
0.655727
0.655727
0.655727
0.655727
0.655727
0.655727
0.655727
0.655727
0.655727
0.655727
0.655727
0.655727
0.655727
0.655727
0.655727
0.655727
0.655727
0.655727
0.649733
0.630711
0.611690
0.592668
0.573647
0.554625
0.535604
0.516582
0.497561
0.478540
0.459518
0.440497
0.421475
0.402454
0.383432
0.364411
0.345389
0.326368
0.307346
0.288325
0.269303
0.250282
0.231261
0.212239
0.193218
0.174196
0.155175
0.147270
0.145392
0.143515
0.141637
0.139759
0.137881
0.136003
0.134126
0.132248
0.130370
0.128492
0.126614
0.124737
0.122859
0.120981
0.119103
0.117226
0.115348
0.113470
0.111592
0.109714
0.107837
0.105959
0.104081
0.102203
0.100325
0.098448
0.096808
0.095173
0.093538
0.091903
0.090268
0.088633
0.086998
0.085362
0.083727
0.082092
0.080457
0.078822
0.077187
0.075552
0.073917
0.072282
0.070647
0.069011
0.067376
0.065741
0.064106
0.062471
0.060836
0.059201
0.057566
0.055931
0.054516
0.053581
0.052646
0.051711
0.050776
0.049841
0.048906
0.047971
0.047036
0.046101
0.045166
0.044231
0.043296
0.042361
0.041426
0.040490
0.039555
0.038620
0.037685
0.036750
0.035815
0.034880
0.033945
0.033010
0.032075
0.031140
0.030205
0.029767
0.029600
0.029432
0.029264
0.029096
0.028929
0.028761
0.028593
0.028425
0.028258
0.028090
0.027922
0.027755
0.027587
0.027419
0.027251
0.027084
0.026916
0.026748
0.026580
0.026413
0.026245
0.026077
0.025909
0.025742
0.025574
0.025406
0.025368
0.025333
0.025298
0.025262
0.025227
0.025192
0.025156
0.025121
0.025086
0.025050
0.025015
0.024979
0.024944
0.024909
0.024873
0.024838
0.024803
0.024767
0.024732
0.024697
0.024661
0.024626
0.024591
0.024555
0.024520
0.024485
0.024459
0.024454
0.024450
0.024445
0.024441
0.024436
0.024431
0.024427
0.024422
0.024418
0.024413
0.024408
0.024404
0.024399
0.024395
0.024390
0.024386
0.024381
0.024376
0.024372
0.024367
0.024363
0.024358
0.024353
0.024349
0.024344
0.024340
0.024297
0.024233
0.024169
0.024106
0.024042
0.023978
0.023915
0.023851
0.023787
0.023724
0.023660
0.023596
0.023533
0.023469
0.023405
0.023341
0.023278
0.023214
0.023150
0.023087
0.023023
0.022959
0.022896
0.022832
0.022768
0.022705
0.022641
0.022796
0.022955
0.023114
0.023273
0.023433
0.023592
0.023751
0.023910
0.024069
0.024228
0.024388
0.024547
0.024706
0.024865
0.025024
0.025183
0.025343
0.025502
0.025661
0.025820
0.025979
0.026138
0.026297
0.026457
0.026431
0.026393
0.026354
0.026316
0.026277
0.026239
0.026201
0.026162
0.026124
0.026086
0.026047
0.026009
0.025970
0.025932
0.025894
0.025855
0.025817
0.025779
0.025778
0.025889
0.025999
0.026109
0.026220
0.026330
0.026440
0.026551
0.026661
0.026771
0.026882
0.026992
0.027102
0.027213
0.027323
0.027433
0.027554
0.027675
0.027797
0.027919
0.028041
0.028162
0.028284
0.028406
0.028528
0.028649
0.028771
0.028893
0.029015
0.029688
0.030392
0.031096
0.031800
0.032505
0.033209
0.033913
0.034618
0.035322
0.036026
0.036731
0.037165
0.037394
0.037622
0.037851
0.038079
0.038307
0.038536
0.038764
0.038993
0.039222
0.039712
0.040201
0.040691
0.041181
0.041670
0.042160
0.042650
0.043139
0.044180
0.045442
0.046704
0.047966
0.049228
0.050490
0.051752
0.053642
0.056256
0.058870
0.061484
0.064098
0.066712
0.069326
0.071904
0.074483
0.077061
0.079640
0.082219
0.084740
0.086853
0.088966
0.091078
0.093191
0.095304
0.101813
0.108694
0.115575
0.122456
0.128959
0.132363
0.135767
0.139172
0.142576
0.146089
0.149675
0.153260
0.156845
0.161693
0.168284
0.174875
0.181466
0.192016
0.204309
0.216601
0.225664
0.219248
0.212833
0.206418
0.212109
0.219072
0.226035
0.229761
0.232926
0.235828
0.236306
0.236784
0.242931
0.255221
0.267512
0.281808
0.296113
0.295250
0.284379
0.276674
0.276189
0.277461
0.285924
0.292937
0.292003
0.302040
0.305660
0.304402
0.302056
0.294289
0.336392
0.346246
0.356370
0.359572
0.355357
0.350624
0.348852
0.357784
0.360992
0.378854
0.392314
0.419372
0.392810
0.403284
0.423830
0.421229
0.433508
0.412953
0.381278
0.401544
0.411698
0.411932
0.388013
0.400557
0.405456
0.394100
0.381839
0.424575
0.431916
0.451586
0.485077
0.487550
0.489749
0.481027
0.513175
0.467495
0.475971
0.513217
0.510524
0.497692
0.543994
0.540613
0.548469
0.518119
0.542385
0.527150
0.490172
0.487802
0.495729
0.507675
0.503166
0.498649
0.516895
0.524924
0.559846
0.571446
0.559472
0.542263
0.535098
0.547973
0.570043
0.586656
0.584960
0.551008
0.559679
0.574136
0.585776
0.572692
0.579882
0.599291
0.629073
0.577854
0.620948
0.660372
0.671522
0.649000
0.662974
0.650502
0.625912
0.608255
0.628620
0.638525
0.610196
0.609463
0.616127
0.624102
0.604810
0.564402
0.560700
0.565445
0.598266
0.624678
0.627499
0.632845
0.643073
0.637188
0.609751
0.614275
0.649246
0.656531
0.642168
0.637678
0.638793
0.638897
0.638525
0.667014
0.707458
0.698729
0.673779
0.700970
0.745521
0.758954
0.761780
0.771646
0.784127
0.794822
0.804785
0.803690
0.796313
0.818131
0.863457
0.894326
0.905424
0.913554
0.913287
0.914932
0.934599
0.954266
0.970443
0.986084
1.002579
1.019690
1.037124
1.055437
1.073750
1.073161
1.070514
1.072888
1.081857
1.090825
1.088114
1.084088
1.087258
1.105486
1.123714
1.139849
1.154680
1.169510
1.170372
1.168671
1.166971
1.187349
1.209800
1.232251
1.239589
1.244549
1.249509
1.254035
1.258508
1.262981
1.268249
1.273522
1.280313
1.294431
1.308549
1.319832
1.327004
1.334176
1.337913
1.340234
1.343239
1.371445
1.399651
1.422299
1.434908
1.447518
1.465893
1.486403
1.504831
1.509314
1.513798
1.521216
1.531116
1.541016
1.569419
1.598488
1.624633
1.646241
1.667850
1.672581
1.673484
1.679278
1.699797
1.720316
1.743457
1.767978
1.792305
1.813020
1.833734
1.855544
1.878848
1.902152
1.912095
1.917873
1.924932
1.949962
1.974993
1.995099
2.005599
2.016099
2.014131
2.001810
1.989489
2.009426
2.044184
2.078942
2.102725
2.122712
2.142698
2.148624
2.148425
2.148225
2.165755
2.198915
2.232074
2.260471
2.278059
2.295646
2.317450
2.355348
2.393247
2.437318
2.502390
2.567463
2.612025
2.623213
2.634402
2.661378
2.700677
2.739977
2.766648
2.790949
2.815428
2.840644
2.865861
2.902766
2.947956
2.993019
3.034419
3.075818
3.095912
3.096218
3.097555
3.125355
3.153154
3.195518
3.248409
3.296681
3.314305
3.331928
3.344383
3.354777
3.371487
3.402306
3.433125
3.475407
3.518594
3.535817
3.531416
3.526936
3.522017
3.517099
3.544702
3.583259
3.611607
3.619528
3.627450
3.640762
3.654602
3.658887
3.652386
3.645885
3.691996
3.738539
3.739942
3.693801
3.647660
3.636674
3.627954
3.629213
3.648746
3.668280
3.687983
3.707756
3.727259
3.737274
3.747289
3.748682
3.728019
3.707355
3.697140
3.700731
3.704321
3.704291
3.700409
3.696527
3.682285
3.651898
3.621511
3.606467
3.672145
3.737824
3.803502
3.828303
3.852924
3.877545
3.909182
3.941376
3.973571
4.001926
4.030047
4.058252
4.089712
4.121171
4.154104
4.194279
4.234454
4.278735
4.330268
4.381801
4.413129
4.430361
4.447592
4.498211
4.554840
4.600485
4.572457
4.544429
4.562132
4.640401
4.718670
4.743364
4.748983
4.755344
4.777443
4.799541
4.817285
4.826820
4.836355
4.852625
4.872743
4.892860
5.062579
5.247317
5.429790
5.599958
5.770126
5.943923
6.124056
6.304188
6.461391
6.597946
6.734501
6.908680
7.102956
7.297232
7.538218
7.798553
8.058888
8.259731
8.434281
8.608832
8.784931
8.962101
9.139272
9.353387
9.627596
9.901805
10.171387
10.293099
10.414811
10.536523
10.901545
11.474216
12.046888
12.586114
12.954633
