0.655727
0.655727
0.655727
0.655727
0.655727
0.655727
0.655727
0.655727
0.655727
0.655727
0.655727
0.655727
0.655727
0.655727
0.655727
0.655727
0.655727
0.655727
0.655727
0.655727
0.655727
0.655727
0.655727
0.649662
0.630414
0.611167
0.591919
0.572672
0.553425
0.534177
0.514930
0.495683
0.476435
0.457188
0.437940
0.418693
0.399446
0.380198
0.360951
0.341703
0.322456
0.303209
0.283961
0.264714
0.245467
0.226219
0.206972
0.187724
0.168477
0.149230
0.141020
0.138793
0.136567
0.134340
0.132114
0.129887
0.127661
0.125434
0.123207
0.120981
0.118754
0.116528
0.114301
0.112075
0.109848
0.107622
0.105395
0.103169
0.100942
0.098716
0.096489
0.094263
0.092036
0.089810
0.087583
0.085357
0.083130
0.081775
0.080436
0.079097
0.077758
0.076419
0.075080
0.073741
0.072402
0.071063
0.069724
0.068385
0.067046
0.065707
0.064368
0.063029
0.061690
0.060351
0.059012
0.057673
0.056334
0.054995
0.053656
0.052317
0.050979
0.049640
0.048301
0.047139
0.046365
0.045590
0.044816
0.044041
0.043267
0.042492
0.041717
0.040943
0.040168
0.039394
0.038619
0.037844
0.037070
0.036295
0.035521
0.034746
0.033972
0.033197
0.032422
0.031648
0.030873
0.030099
0.029324
0.028550
0.027775
0.027000
0.026736
0.026748
0.026760
0.026772
0.026784
0.026796
0.026808
0.026820
0.026832
0.026845
0.026857
0.026869
0.026881
0.026893
0.026905
0.026917
0.026929
0.026941
0.026953
0.026965
0.026977
0.026989
0.027002
0.027014
0.027026
0.027038
0.027050
0.026902
0.026751
0.026600
0.026450
0.026299
0.026148
0.025997
0.025846
0.025696
0.025545
0.025394
0.025243
0.025092
0.024942
0.024791
0.024640
0.024489
0.024338
0.024188
0.024037
0.023886
0.023735
0.023585
0.023434
0.023283
0.023132
0.023079
0.023236
0.023394
0.023552
0.023709
0.023867
0.024025
0.024183
0.024340
0.024498
0.024656
0.024813
0.024971
0.025129
0.025287
0.025444
0.025602
0.025760
0.025917
0.026075
0.026233
0.026391
0.026548
0.026706
0.026864
0.027021
0.027179
0.027268
0.027320
0.027372
0.027424
0.027476
0.027528
0.027580
0.027632
0.027684
0.027736
0.027788
0.027840
0.027892
0.027944
0.027996
0.028048
0.028099
0.028151
0.028203
0.028255
0.028307
0.028359
0.028411
0.028463
0.028515
0.028567
0.028661
0.028839
0.029017
0.029194
0.029372
0.029550
0.029728
0.029906
0.030084
0.030261
0.030439
0.030617
0.030795
0.030973
0.031151
0.031328
0.031506
0.031684
0.031862
0.032040
0.032218
0.032395
0.032513
0.032563
0.032612
0.032662
0.032712
0.032761
0.032811
0.032861
0.032910
0.032960
0.033010
0.033059
0.033109
0.033158
0.033208
0.033258
0.033307
0.032984
0.032646
0.032307
0.031968
0.031630
0.031291
0.030952
0.030614
0.030275
0.029936
0.029598
0.029259
0.028920
0.028582
0.029356
0.030429
0.031503
0.032577
0.033650
0.034724
0.035797
0.036871
0.037944
0.039018
0.040092
0.041165
0.040684
0.039872
0.039060
0.038248
0.037436
0.036624
0.035812
0.035000
0.034188
0.033376
0.033323
0.033546
0.033769
0.033992
0.034215
0.034438
0.034661
0.034884
0.035442
0.036891
0.038340
0.039788
0.041237
0.042686
0.044135
0.045377
0.045589
0.045802
0.046014
0.046227
0.046440
0.046652
0.049940
0.053539
0.057139
0.060738
0.064337
0.066811
0.067031
0.067252
0.067472
0.067692
0.069780
0.074677
0.079574
0.084472
0.089378
0.094470
0.099562
0.104654
0.109906
0.117575
0.125245
0.132914
0.139320
0.143531
0.147741
0.151952
0.152666
0.152972
0.153277
0.156151
0.160514
0.164876
0.169780
0.174998
0.180216
0.181681
0.182415
0.185650
0.202568
0.219485
0.227977
0.231698
0.233890
0.231294
0.228699
0.230423
0.232375
0.233144
0.233515
0.237750
0.244009
0.248726
0.252528
0.254051
0.252016
0.255382
0.271430
0.268859
0.289222
0.303340
0.318727
0.323236
0.327467
0.315364
0.311663
0.318747
0.319252
0.315611
0.317233
0.344291
0.331296
0.340696
0.352075
0.373272
0.370647
0.384187
0.419924
0.441550
0.439904
0.482367
0.486640
0.519721
0.503956
0.514531
0.547125
0.568405
0.530206
0.560881
0.637561
0.585487
0.633789
0.600745
0.650738
0.612446
0.656052
0.631632
0.610291
0.642970
0.615000
0.659431
0.551100
0.544193
0.516251
0.527171
0.428412
0.422088
0.393773
0.375265
0.347620
0.341403
0.337270
0.316158
0.314554
0.314018
0.292858
0.296987
0.296104
0.286735
0.293036
0.274719
0.270191
0.264439
0.273358
0.274677
0.286247
0.301330
0.292483
0.313354
0.316834
0.328018
0.323684
0.334735
0.352871
0.353542
0.336279
0.327706
0.354689
0.348459
0.394509
0.414716
0.436706
0.440805
0.424481
0.418040
0.417389
0.413734
0.409916
0.408920
0.412668
0.423278
0.443854
0.465260
0.477847
0.466576
0.461675
0.460529
0.474227
0.486948
0.488008
0.489424
0.491542
0.510424
0.549902
0.562684
0.562931
0.574432
0.589337
0.599129
0.606505
0.608873
0.603323
0.597951
0.598671
0.599391
0.610719
0.628164
0.644696
0.651491
0.658285
0.677022
0.706045
0.734714
0.733563
0.732412
0.729638
0.722985
0.716332
0.700225
0.676410
0.652596
0.653128
0.663844
0.674559
0.698979
0.730170
0.761361
0.782632
0.796247
0.809862
0.820669
0.825815
0.830960
0.838527
0.883882
0.929237
0.974592
0.991461
0.996342
1.001224
1.014473
1.043774
1.073075
1.102377
1.104204
1.099981
1.095758
1.092180
1.099504
1.106828
1.114151
1.118756
1.104623
1.090491
1.076359
1.062226
1.084224
1.110446
1.136669
1.162891
1.171269
1.165540
1.159811
1.154081
1.152163
1.160300
1.168436
1.176573
1.184580
1.189931
1.195281
1.200632
1.205983
1.202414
1.197648
1.192882
1.188116
1.195981
1.207723
1.219465
1.231207
1.231645
1.227056
1.222468
1.217880
1.227655
1.246371
1.265087
1.283802
1.284279
1.270724
1.257170
1.243616
1.233083
1.225426
1.217769
1.210112
1.211838
1.226151
1.240465
1.254778
1.265584
1.266708
1.267832
1.268955
1.270032
1.267985
1.265937
1.263890
1.261843
1.254485
1.244508
1.234530
1.224553
1.218225
1.225180
1.232136
1.239091
1.246047
1.236319
1.216130
1.195941
1.175751
1.155562
1.152144
1.152503
1.152862
1.153222
1.153581
1.151131
1.147849
1.144567
1.141285
1.138003
1.139075
1.141323
1.143571
1.145819
1.148159
1.154326
1.160492
1.166658
1.172824
1.177153
1.178917
1.180681
1.182445
1.184209
1.207732
1.232904
1.258076
1.283248
1.295893
1.297471
1.299048
1.300625
1.305996
1.326335
1.346674
1.367013
1.387352
1.392050
1.395632
1.399214
1.402796
1.421140
1.446535
1.471929
1.497324
1.504181
1.485978
1.467776
1.449573
1.441981
1.482081
1.522181
1.562280
1.602380
1.617331
1.630621
1.643912
1.657203
1.665363
1.671188
1.677012
1.682836
1.683225
1.674628
1.666030
1.657433
1.648833
1.639725
1.630616
1.621508
1.612400
1.602195
1.591183
1.580171
1.569159
1.558224
1.558192
1.558160
1.558128
1.558097
1.550484
1.526053
1.501622
1.477191
1.452759
1.431354
1.413834
1.396314
1.378794
1.361274
1.342283
1.321841
1.301399
1.280958
1.260516
1.259763
1.265260
1.270757
1.276254
1.281410
1.284738
1.288067
1.291396
1.294725
1.301363
1.309649
1.317935
1.326221
1.336089
1.350622
1.365155
1.379688
1.394221
1.402074
1.409177
1.416279
1.423381
1.427504
1.429391
1.431278
1.433166
1.436524
1.444281
1.452038
1.459794
1.467551
1.488787
1.511162
1.533537
1.555912
1.570183
1.578019
1.585856
1.593693
1.601543
1.609483
1.617422
1.625361
1.633300
1.652791
1.679265
1.705740
1.732214
1.758689
1.784599
1.810496
1.836392
1.862289
1.890065
1.926209
1.962352
1.998496
2.034640
2.070155
2.102595
2.135035
2.167475
2.199916
2.232356
2.277494
2.324205
2.370917
2.417628
2.464340
2.520003
2.579000
2.637996
2.696992
2.755989
2.826215
2.899258
2.972300
3.045343
3.117967
3.183650
3.249333
3.315016
3.380700
3.469542
3.585703
3.701864
3.818025
3.934187
3.997663
4.058873
4.120084
4.181295
4.276424
4.402200
4.527976
4.653751
4.780927
4.916819
5.052710
5.188601
5.324492
5.395482
5.447390
5.499298
5.551205
5.617362
5.703773
5.790184
5.876595
5.958777
5.917774
5.876770
5.835766
5.794763
5.808356
5.857028
5.905699
5.954370
5.992201
5.943748
5.895294
5.846840
5.798387
5.777100
5.781582
5.786064
5.790546
5.795028
5.692141
5.556380
5.420618
5.284857
5.149095
5.082321
5.028443
4.974564
4.920686
4.866808
4.782862
4.684707
