0.655727
0.655727
0.655727
0.655727
0.655727
0.655727
0.655727
0.655727
0.655727
0.655727
0.655727
0.655727
0.655727
0.655727
0.655727
0.655727
0.655727
0.655727
0.655727
0.655727
0.655727
0.655727
0.655727
0.649603
0.630171
0.610738
0.591305
0.571873
0.552440
0.533008
0.513575
0.494143
0.474710
0.455277
0.435845
0.416412
0.396980
0.377547
0.358115
0.338682
0.319249
0.299817
0.280384
0.260952
0.241519
0.222087
0.202654
0.183222
0.163789
0.144356
0.136072
0.133832
0.131592
0.129351
0.127111
0.124870
0.122630
0.120390
0.118149
0.115909
0.113669
0.111428
0.109188
0.106947
0.104707
0.102467
0.100226
0.097986
0.095746
0.093505
0.091265
0.089025
0.086784
0.084544
0.082303
0.080063
0.077823
0.076664
0.075526
0.074387
0.073249
0.072110
0.070972
0.069833
0.068695
0.067556
0.066418
0.065279
0.064141
0.063002
0.061864
0.060725
0.059587
0.058448
0.057310
0.056171
0.055033
0.053894
0.052756
0.051618
0.050479
0.049341
0.048202
0.047227
0.046607
0.045987
0.045367
0.044747
0.044128
0.043508
0.042888
0.042268
0.041648
0.041028
0.040408
0.039788
0.039168
0.038548
0.037929
0.037309
0.036689
0.036069
0.035449
0.034829
0.034209
0.033589
0.032969
0.032349
0.031730
0.031110
0.030871
0.030840
0.030808
0.030777
0.030745
0.030713
0.030682
0.030650
0.030619
0.030587
0.030556
0.030524
0.030492
0.030461
0.030429
0.030398
0.030366
0.030334
0.030303
0.030271
0.030240
0.030208
0.030177
0.030145
0.030113
0.030082
0.030050
0.029999
0.029948
0.029896
0.029845
0.029793
0.029742
0.029690
0.029639
0.029588
0.029536
0.029485
0.029433
0.029382
0.029330
0.029279
0.029227
0.029176
0.029124
0.029073
0.029022
0.028970
0.028919
0.028867
0.028816
0.028764
0.028713
0.028680
0.028686
0.028693
0.028700
0.028707
0.028713
0.028720
0.028727
0.028734
0.028740
0.028747
0.028754
0.028761
0.028767
0.028774
0.028781
0.028788
0.028795
0.028801
0.028808
0.028815
0.028822
0.028828
0.028835
0.028842
0.028849
0.028855
0.028830
0.028788
0.028746
0.028703
0.028661
0.028619
0.028577
0.028534
0.028492
0.028450
0.028408
0.028366
0.028323
0.028281
0.028239
0.028197
0.028154
0.028112
0.028070
0.028028
0.027985
0.027943
0.027901
0.027859
0.027816
0.027774
0.027869
0.028087
0.028305
0.028523
0.028742
0.028960
0.029178
0.029397
0.029615
0.029833
0.030051
0.030270
0.030488
0.030706
0.030924
0.031143
0.031361
0.031579
0.031798
0.032016
0.032234
0.032241
0.032004
0.031767
0.031530
0.031293
0.031056
0.030819
0.030582
0.030345
0.030108
0.029871
0.029634
0.029397
0.029160
0.028923
0.028686
0.028552
0.029114
0.029676
0.030238
0.030800
0.031362
0.031924
0.032486
0.033048
0.033610
0.034172
0.034734
0.035296
0.035858
0.036300
0.036714
0.037129
0.037544
0.037959
0.038373
0.038788
0.039203
0.039618
0.040032
0.040447
0.040779
0.041048
0.041317
0.041587
0.041856
0.042125
0.042394
0.042664
0.042933
0.043202
0.042521
0.041773
0.041025
0.040277
0.039529
0.038781
0.038033
0.037285
0.037816
0.039542
0.041268
0.042993
0.044719
0.046445
0.048170
0.049005
0.049283
0.049562
0.049840
0.050119
0.050397
0.050797
0.051325
0.051853
0.052381
0.052909
0.053727
0.059419
0.065110
0.070802
0.076494
0.080626
0.082484
0.084341
0.086199
0.088600
0.092429
0.096257
0.100086
0.104990
0.111367
0.117745
0.124122
0.128504
0.132493
0.136482
0.144646
0.156816
0.168987
0.174106
0.171452
0.168799
0.173713
0.183718
0.193723
0.195737
0.192079
0.188947
0.192418
0.202891
0.201526
0.199119
0.201458
0.207352
0.219239
0.216232
0.219056
0.217519
0.223924
0.244993
0.235668
0.248738
0.255286
0.243960
0.248110
0.252089
0.274393
0.285610
0.311144
0.313265
0.323376
0.336703
0.346335
0.348707
0.347933
0.327276
0.333242
0.324110
0.309622
0.327804
0.360807
0.394470
0.399271
0.395968
0.421216
0.480610
0.549577
0.622077
0.658922
0.717423
0.715425
0.848561
1.029152
1.329439
1.557541
1.946587
2.616933
3.887143
5.738753
10.094544
18.758306
48.028750
127.308450
213.429719
355.742342
646.017563
1632.749172
9266.193520
80119.562097
106728.691407
68596.710746
43280.416720
28190.308937
18588.017982
11149.497738
7304.485422
4977.099303
3406.227389
2377.735790
1734.643346
1143.569653
260.558322
68.234471
23.642412
10.700309
5.258213
2.605838
1.058211
0.321715
0.125126
0.065915
0.039328
0.023627
0.014883
0.011196
0.008285
0.005989
0.004606
0.003870
0.003561
0.004004
0.010094
0.036823
0.077375
0.092795
0.097127
0.102578
0.096376
0.101035
0.106249
0.109876
0.113781
0.124209
0.133386
0.141318
0.163839
0.187634
0.211065
0.229002
0.249275
0.267380
0.273606
0.302696
0.307601
0.309682
0.329633
0.340406
0.391495
0.373134
0.376803
0.422213
0.403276
0.408529
0.468986
0.549113
0.599708
0.582848
0.619245
0.610731
0.665457
0.680715
0.665519
0.737335
0.750703
0.688152
0.712400
0.710653
0.675608
0.709481
0.679653
0.783066
0.845913
0.831030
0.922288
0.918015
0.961866
1.051534
1.138371
1.180778
1.276994
1.325492
1.397337
1.379293
1.530752
1.708650
1.556082
1.475587
1.665077
1.637981
1.598405
1.493595
1.661621
1.617412
1.659776
1.642805
1.693485
1.684592
1.743071
1.751211
1.744738
1.728003
1.697921
1.778045
1.841128
1.765978
1.793929
1.830147
1.831236
1.854492
1.874403
1.901941
1.989231
2.138007
2.165577
2.266373
2.431955
2.580341
2.585538
2.593832
2.798746
2.553782
2.849007
2.762011
2.827339
2.866210
2.738591
2.560896
2.672859
2.711472
2.644119
2.472110
2.548207
2.524394
2.304102
2.579425
2.705625
2.634722
2.628511
2.573836
2.489318
2.536963
2.689844
2.833271
2.791381
2.958157
2.946533
2.733845
2.624136
2.690090
2.800886
2.872017
2.711505
2.725778
2.683334
2.454297
2.670761
2.697285
2.669455
2.666534
2.737248
2.500330
2.469368
2.615876
2.693880
2.487726
2.375674
2.401303
2.571373
2.531985
2.440737
2.467710
2.658652
2.572754
2.681659
2.774537
2.766244
2.752503
2.961721
3.010049
2.694223
2.800197
2.887357
2.915411
2.803906
2.760401
2.663840
2.494283
2.959577
3.043926
2.875408
3.031596
3.098596
3.099840
3.009893
2.974522
2.989974
3.029371
3.069065
3.105363
3.134279
3.159011
3.253952
3.328746
3.273423
3.240592
3.250055
3.253919
3.251724
3.361615
3.542279
3.556757
3.533475
3.593487
3.662982
3.752773
3.800978
3.825141
3.921188
3.991100
4.013544
3.980948
3.973283
4.116431
4.206055
4.257144
4.237946
4.313528
4.421569
4.405785
4.459893
4.529846
4.517418
4.666278
4.743333
4.497459
4.509508
4.568299
4.625444
4.619985
4.609053
4.610700
4.724238
4.740859
4.726542
4.738351
4.863857
4.916479
4.857132
4.980730
5.094814
5.188494
5.205242
5.282717
5.358022
5.356486
5.295319
5.279655
5.384587
5.426015
5.470861
5.542189
5.679087
5.760208
5.693583
5.653835
5.655220
5.786322
5.819304
5.790505
5.899607
5.931088
5.819280
5.803918
5.836148
5.913316
5.969707
5.923401
5.914562
5.968207
5.972678
5.929331
5.942406
5.997633
6.060281
6.126791
6.245967
6.377325
6.523204
6.612862
6.577033
6.631005
6.744267
6.737443
6.715256
6.676129
6.725828
6.813717
6.910895
7.097962
7.302112
7.085359
7.074675
7.203214
7.311189
7.292037
7.265880
7.464608
7.579027
7.665973
7.749933
7.751552
7.805834
7.904632
7.953168
7.975449
7.975410
7.951096
8.078103
8.165800
8.212573
8.239086
8.224810
8.263089
8.406896
8.548122
8.668546
8.761960
8.804342
9.129451
9.365925
9.348024
9.844139
10.013172
9.962939
10.598841
10.909824
11.095198
11.499538
11.893254
12.290244
12.717264
13.217927
13.709810
13.942997
14.225506
14.545124
15.267306
15.876745
16.256360
16.844473
17.526289
17.781292
18.173418
18.988335
19.686512
20.248724
20.583437
20.773828
21.674538
22.884176
23.977278
25.044567
26.050434
26.995690
27.698832
28.871161
30.599469
31.438246
32.082658
33.539751
34.582750
35.154386
35.973299
36.926832
38.122138
38.820044
39.589725
41.557237
43.002622
44.094752
44.733692
45.479160
46.341544
47.483691
48.148249
48.584887
48.913511
49.406751
50.000368
50.700095
51.361467
52.078660
52.734712
51.821597
51.406627
51.458822
52.194216
51.844994
51.520708
51.695220
52.089477
51.882016
51.210907
51.513489
51.933283
52.162636
51.385278
50.862822
50.636793
50.950336
50.673013
50.228270
49.739561
49.600804
49.530159
49.432606
50.038354
50.600245
50.252485
50.043733
49.920278
49.983884
49.555937
48.468401
48.059168
47.868901
47.868901
