0.655727
0.655727
0.655727
0.655727
0.655727
0.655727
0.655727
0.655727
0.655727
0.655727
0.655727
0.655727
0.655727
0.655727
0.655727
0.655727
0.655727
0.655727
0.655727
0.655727
0.655727
0.655727
0.655727
0.649566
0.630015
0.610463
0.590912
0.571361
0.551809
0.532258
0.512707
0.493156
0.473604
0.454053
0.434502
0.414950
0.395399
0.375848
0.356297
0.336745
0.317194
0.297643
0.278091
0.258540
0.238989
0.219438
0.199886
0.180335
0.160784
0.141232
0.132884
0.130608
0.128332
0.126057
0.123781
0.121505
0.119229
0.116954
0.114678
0.112402
0.110126
0.107851
0.105575
0.103299
0.101024
0.098748
0.096472
0.094196
0.091921
0.089645
0.087369
0.085094
0.082818
0.080542
0.078266
0.075991
0.073715
0.072629
0.071565
0.070501
0.069438
0.068374
0.067310
0.066246
0.065182
0.064119
0.063055
0.061991
0.060927
0.059863
0.058800
0.057736
0.056672
0.055608
0.054545
0.053481
0.052417
0.051353
0.050289
0.049226
0.048162
0.047098
0.046034
0.045119
0.044527
0.043935
0.043342
0.042750
0.042158
0.041566
0.040974
0.040381
0.039789
0.039197
0.038605
0.038013
0.037421
0.036828
0.036236
0.035644
0.035052
0.034460
0.033867
0.033275
0.032683
0.032091
0.031499
0.030907
0.030314
0.029722
0.029453
0.029360
0.029267
0.029173
0.029080
0.028987
0.028893
0.028800
0.028706
0.028613
0.028520
0.028426
0.028333
0.028239
0.028146
0.028053
0.027959
0.027866
0.027773
0.027679
0.027586
0.027492
0.027399
0.027306
0.027212
0.027119
0.027026
0.027108
0.027194
0.027280
0.027366
0.027452
0.027538
0.027624
0.027711
0.027797
0.027883
0.027969
0.028055
0.028141
0.028227
0.028313
0.028399
0.028485
0.028571
0.028657
0.028743
0.028829
0.028915
0.029001
0.029087
0.029173
0.029259
0.029244
0.029009
0.028773
0.028538
0.028303
0.028067
0.027832
0.027597
0.027362
0.027126
0.026891
0.026656
0.026420
0.026185
0.025950
0.025715
0.025479
0.025244
0.025009
0.024773
0.024538
0.024303
0.024067
0.023832
0.023597
0.023362
0.023126
0.023230
0.023517
0.023804
0.024091
0.024379
0.024666
0.024953
0.025240
0.025527
0.025815
0.026102
0.026389
0.026676
0.026963
0.027250
0.027538
0.027825
0.028112
0.028399
0.028686
0.028974
0.029261
0.029548
0.029835
0.030122
0.030409
0.030519
0.030549
0.030578
0.030607
0.030636
0.030665
0.030695
0.030724
0.030753
0.030782
0.030811
0.030840
0.030870
0.030899
0.030928
0.030957
0.030986
0.031016
0.031045
0.031074
0.030987
0.030741
0.030494
0.030247
0.030001
0.029754
0.029507
0.029261
0.029014
0.028767
0.028521
0.028274
0.028027
0.027781
0.027534
0.027288
0.027079
0.027297
0.027515
0.027733
0.027951
0.028169
0.028387
0.028605
0.028823
0.029041
0.029259
0.029477
0.029695
0.029913
0.030889
0.031994
0.033099
0.034204
0.035309
0.036414
0.037519
0.038624
0.039729
0.040834
0.041939
0.042187
0.042295
0.042403
0.042510
0.042618
0.042726
0.042833
0.042941
0.043049
0.042930
0.042514
0.042097
0.041681
0.041264
0.040848
0.040431
0.040015
0.039852
0.040301
0.040751
0.041201
0.041651
0.042101
0.042551
0.043485
0.045131
0.046777
0.048422
0.050068
0.051714
0.054452
0.057478
0.060505
0.063532
0.066558
0.069592
0.072628
0.075665
0.078701
0.081725
0.084067
0.086409
0.088751
0.091093
0.096106
0.101576
0.107047
0.112313
0.116181
0.120048
0.123916
0.130683
0.138410
0.146137
0.151224
0.154225
0.157227
0.162453
0.168847
0.175241
0.179530
0.183475
0.185502
0.179504
0.173507
0.175702
0.181064
0.190176
0.205350
0.216600
0.216659
0.217106
0.219242
0.224620
0.242773
0.251683
0.239018
0.243583
0.254963
0.248528
0.245447
0.233302
0.253095
0.261375
0.278021
0.280225
0.278974
0.294139
0.305867
0.317565
0.313848
0.330676
0.303414
0.294577
0.301062
0.308734
0.317814
0.361540
0.364734
0.385354
0.416709
0.468765
0.463903
0.496737
0.515534
0.505259
0.590944
0.703277
0.888388
1.034112
1.270795
1.541906
2.502082
4.231318
7.960967
16.076709
53.051887
265.724003
367.296171
478.564630
669.647542
1052.354030
1912.497370
3226.786412
3116.424569
2817.779934
2162.198981
1842.534648
1533.541030
1279.507282
1067.255186
892.065084
849.355303
686.582432
573.846023
485.683430
404.662957
321.427339
291.638783
264.150864
220.363787
201.165041
176.345608
149.835380
147.360468
135.382043
116.085634
75.939684
42.057869
16.135925
7.644262
3.579111
2.239297
1.111488
0.338541
0.084126
0.041649
0.021189
0.012719
0.008491
0.006185
0.005061
0.004516
0.004154
0.004609
0.007312
0.026856
0.064102
0.097995
0.133027
0.162602
0.180697
0.227122
0.271696
0.290730
0.331885
0.349445
0.398094
0.472479
0.481039
0.593611
0.571813
0.598749
0.745634
0.720498
0.773709
0.796421
0.874474
0.885372
0.922337
0.981384
0.998078
1.078750
1.102389
1.226066
1.261366
1.300095
1.346555
1.381590
1.569439
1.645494
1.555608
1.671232
1.819298
1.705983
1.940210
1.874726
2.026867
2.010281
2.096715
2.233831
2.114999
2.257569
2.301420
2.384928
2.370641
2.326263
2.291692
2.340013
2.386688
2.248701
2.372473
2.387200
2.510505
2.312573
2.492702
2.609743
2.500818
2.335271
2.508474
2.468858
2.486112
2.498463
2.445896
2.366765
2.484875
2.741269
2.752391
2.698109
3.119448
3.177838
3.488339
3.184909
3.378299
4.010137
4.397665
4.392885
4.698058
4.652703
5.534673
5.461999
5.272009
5.576411
5.222441
5.112908
5.169369
5.323857
4.879763
5.292214
5.202983
5.117206
5.205941
5.050705
4.926020
5.011215
5.384855
5.245882
4.913336
5.267206
5.265496
4.873650
4.814320
4.762740
4.707419
4.468399
4.467217
4.378228
4.375963
4.176623
4.316191
4.373149
4.113192
3.891793
3.781531
3.776409
3.675741
3.785317
3.765299
3.817832
3.917826
3.918882
3.842807
3.864838
3.771083
3.732505
3.807136
3.937875
3.786274
3.822308
3.743822
3.857186
3.880932
3.866342
3.915393
3.966813
4.112144
4.077675
3.949552
4.006017
4.001199
4.076734
4.052711
4.049025
4.016899
4.003547
4.002890
4.022474
4.043249
4.106399
4.251423
4.195044
4.060675
3.996595
4.148041
4.146246
4.218871
4.210989
4.013204
3.983867
4.060428
4.101254
4.273145
4.127637
4.180918
4.222588
4.296574
4.319287
4.343613
4.413499
4.487745
4.500824
4.408385
4.459371
4.445586
4.499919
4.560832
4.577288
4.684445
4.666202
4.684166
4.741989
4.751715
4.713306
4.800035
4.890855
4.922824
4.996658
5.061937
5.169856
5.185855
5.280986
5.442409
5.552892
5.607985
5.647637
5.635436
5.729289
5.798783
5.850196
5.872057
5.833518
5.935768
6.048758
6.084382
6.204761
6.398930
6.496202
6.423707
6.566983
6.604185
6.688987
6.762763
6.845142
6.835111
6.972831
7.021072
7.144809
7.145649
7.149217
7.223038
7.210353
7.326184
7.506424
7.557533
7.594358
7.614300
7.586855
7.662035
7.823598
7.854202
7.922749
7.960236
8.008680
8.014823
8.031779
8.058611
8.198284
8.346859
8.330845
8.261410
8.323558
8.442120
8.438146
8.537335
8.453956
8.492585
8.607148
8.565064
8.724329
8.761925
8.759521
8.732097
8.686490
8.798481
8.939039
9.020960
8.949582
9.080407
9.258400
9.378221
9.460066
9.672890
9.660105
9.776983
9.962405
10.088694
10.123304
10.138210
10.229863
10.458339
10.597474
10.555439
10.681843
10.831522
10.880956
10.927056
10.912450
11.141115
11.159425
11.318169
11.371165
11.666267
11.621008
11.563070
11.669693
11.690665
11.872778
11.948329
12.052124
12.083961
12.113568
12.200904
12.405595
12.388734
12.509139
12.805450
12.877864
13.212903
13.321942
13.521186
13.699108
13.988653
14.374661
14.769884
15.110251
15.757526
16.247960
16.693308
17.312478
17.835505
18.448028
19.084669
19.719927
20.481000
21.167544
21.766746
22.631711
23.001996
24.176456
24.583571
25.425222
26.496855
27.302436
28.112917
29.196531
29.727786
30.799340
32.049594
32.945040
33.514243
34.506602
35.854943
37.149024
38.452195
40.029557
41.951823
43.471063
45.086858
46.977792
48.912545
50.674738
52.106403
54.261919
56.254324
57.413784
59.074656
61.343534
62.948552
65.607132
67.139846
68.224354
69.389744
71.402603
73.503694
74.388441
75.967430
77.186743
77.794886
77.965812
79.458509
81.654224
82.552600
82.063978
82.129359
83.675860
83.209940
83.059507
83.146109
83.585406
82.993756
83.749132
83.895471
84.743458
85.116580
84.220131
83.514222
83.349480
83.175389
83.210191
82.565637
83.163776
82.761871
83.037608
82.865934
81.565085
82.601740
83.188031
82.094815
81.542085
81.313667
81.483021
82.068893
81.221465
80.244375
79.397599
79.054780
79.232766
78.786322
