0.655727
0.655727
0.655727
0.655727
0.655727
0.655727
0.655727
0.655727
0.655727
0.655727
0.655727
0.655727
0.655727
0.655727
0.655727
0.655727
0.655727
0.655727
0.655727
0.655727
0.655727
0.655727
0.655727
0.649628
0.630275
0.610921
0.591568
0.572214
0.552861
0.533507
0.514154
0.494801
0.475447
0.456094
0.436740
0.417387
0.398033
0.378680
0.359326
0.339973
0.320620
0.301266
0.281913
0.262559
0.243206
0.223852
0.204499
0.185145
0.165792
0.146439
0.139918
0.140353
0.140789
0.141224
0.141660
0.142096
0.142531
0.142967
0.143403
0.143838
0.144274
0.144710
0.145145
0.145581
0.146016
0.146452
0.146888
0.147323
0.147759
0.148195
0.148630
0.149066
0.149502
0.149937
0.150373
0.150808
0.151244
0.150551
0.149836
0.149121
0.148407
0.147692
0.146978
0.146263
0.145549
0.144834
0.144120
0.143405
0.142691
0.141976
0.141262
0.140547
0.139833
0.139118
0.138404
0.137689
0.136974
0.136260
0.135545
0.134831
0.134116
0.133402
0.132687
0.131231
0.128163
0.125095
0.122027
0.118959
0.115890
0.112822
0.109754
0.106686
0.103618
0.100550
0.097482
0.094413
0.091345
0.088277
0.085209
0.082141
0.079073
0.076005
0.072936
0.069868
0.066800
0.063732
0.060664
0.057596
0.054528
0.051460
0.049664
0.048558
0.047453
0.046347
0.045242
0.044136
0.043031
0.041925
0.040820
0.039714
0.038609
0.037503
0.036398
0.035292
0.034187
0.033081
0.031975
0.030870
0.029764
0.028659
0.027553
0.026448
0.025342
0.024237
0.023131
0.022026
0.020920
0.021022
0.021147
0.021271
0.021396
0.021520
0.021645
0.021769
0.021894
0.022018
0.022143
0.022267
0.022392
0.022516
0.022641
0.022765
0.022890
0.023014
0.023139
0.023263
0.023388
0.023512
0.023637
0.023761
0.023886
0.024010
0.024135
0.024195
0.024118
0.024041
0.023963
0.023886
0.023808
0.023731
0.023654
0.023576
0.023499
0.023421
0.023344
0.023266
0.023189
0.023112
0.023034
0.022957
0.022879
0.022802
0.022724
0.022647
0.022570
0.022492
0.022415
0.022337
0.022260
0.022183
0.022176
0.022208
0.022240
0.022272
0.022303
0.022335
0.022367
0.022399
0.022431
0.022463
0.022495
0.022526
0.022558
0.022590
0.022622
0.022654
0.022686
0.022718
0.022749
0.022781
0.022813
0.022845
0.022877
0.022909
0.022941
0.022972
0.023004
0.023108
0.023214
0.023319
0.023424
0.023530
0.023635
0.023740
0.023846
0.023951
0.024057
0.024162
0.024267
0.024373
0.024478
0.024583
0.024689
0.024794
0.024899
0.025005
0.025110
0.025216
0.025321
0.025426
0.025532
0.025637
0.025742
0.025759
0.025585
0.025410
0.025235
0.025060
0.024886
0.024711
0.024536
0.024362
0.024187
0.024012
0.023837
0.023663
0.023488
0.023313
0.023138
0.022964
0.022789
0.022614
0.022439
0.022265
0.022090
0.021915
0.021741
0.021566
0.021391
0.021216
0.021257
0.021415
0.021574
0.021732
0.021890
0.022048
0.022206
0.022364
0.022522
0.022680
0.022838
0.022996
0.023154
0.023313
0.023471
0.023629
0.023787
0.023945
0.024103
0.024261
0.024419
0.024577
0.024735
0.024894
0.025052
0.025210
0.025368
0.025604
0.025841
0.026078
0.026316
0.026553
0.026790
0.027027
0.027265
0.027502
0.027739
0.027977
0.028214
0.028451
0.028688
0.028926
0.029163
0.029400
0.029638
0.029875
0.030112
0.030349
0.030587
0.030824
0.031061
0.031299
0.031536
0.031787
0.032040
0.032292
0.032545
0.032797
0.033050
0.033302
0.033555
0.033808
0.034060
0.034313
0.034565
0.034818
0.035070
0.035323
0.035575
0.035828
0.036080
0.036333
0.036586
0.036838
0.037091
0.037518
0.038029
0.038540
0.039051
0.039562
0.040074
0.040585
0.041096
0.041607
0.042119
0.042630
0.043141
0.043652
0.044163
0.044675
0.045186
0.045697
0.046226
0.046791
0.047356
0.047920
0.048485
0.049050
0.049615
0.050179
0.050744
0.051309
0.051874
0.052439
0.053003
0.053568
0.054133
0.054578
0.054929
0.055281
0.055633
0.055984
0.056336
0.056688
0.057040
0.057391
0.057743
0.058095
0.058447
0.058798
0.059237
0.059947
0.060658
0.061368
0.062079
0.062789
0.063499
0.064210
0.064920
0.065631
0.066341
0.067052
0.067762
0.068397
0.069016
0.069635
0.070254
0.070872
0.071491
0.072110
0.072729
0.073347
0.073966
0.074585
0.075300
0.076186
0.077072
0.077958
0.078844
0.079730
0.080617
0.081503
0.082389
0.083275
0.084161
0.085047
0.086425
0.087896
0.089366
0.090837
0.092307
0.093778
0.095248
0.096719
0.098190
0.099660
0.101131
0.102318
0.103186
0.104054
0.104921
0.105789
0.106657
0.107525
0.108392
0.109260
0.110128
0.110996
0.111864
0.113153
0.114596
0.116039
0.117481
0.118924
0.120366
0.121809
0.123252
0.124694
0.126137
0.127579
0.129022
0.130341
0.131452
0.132563
0.133675
0.134786
0.135898
0.137009
0.138120
0.139232
0.140343
0.141454
0.142566
0.143677
0.144788
0.145406
0.145893
0.146380
0.146867
0.147354
0.147841
0.148328
0.148815
0.149302
0.149789
0.150276
0.150763
0.151250
0.151737
0.152224
0.152581
0.152817
0.153054
0.153291
0.153527
0.153764
0.154001
0.154237
0.154474
0.154711
0.154947
0.155184
0.155421
0.155658
0.155894
0.156131
0.156368
0.156604
0.155479
0.154105
0.152730
0.151355
0.149981
0.148606
0.147231
0.145856
0.144482
0.143107
0.141732
0.140357
0.138983
0.137608
0.136233
0.134858
0.133484
0.132109
0.130734
0.129359
0.127985
0.126610
0.125969
0.125746
0.125522
0.125298
0.125075
0.124851
0.124628
0.124404
0.124180
0.123957
0.123733
0.123509
0.123286
0.123062
0.122839
0.122615
0.122391
0.122168
0.121944
0.121721
0.121497
0.121273
0.121050
0.120759
0.120085
0.119412
0.118738
0.118065
0.117391
0.116718
0.116045
0.115371
0.114698
0.114024
0.113351
0.112677
0.112004
0.111330
0.110657
0.109984
0.109310
0.108637
0.107963
0.107290
0.106616
0.105943
0.105270
0.104596
0.103923
0.103249
0.102712
0.102251
0.101791
0.101330
0.100869
0.100408
0.099947
0.099487
0.099026
0.098565
0.098104
0.097643
0.097183
0.096722
0.096261
0.095800
0.095339
0.094879
0.094418
0.093957
0.093496
0.093035
0.092575
0.092114
0.091653
0.091192
0.090723
0.090122
0.089522
0.088922
0.088322
0.087722
0.087122
0.086522
0.085922
0.085321
0.084721
0.084121
0.083521
0.082921
0.082321
0.081721
0.081121
0.080520
0.079920
0.079320
0.078720
0.078120
0.077520
0.076920
0.076319
0.075719
0.075141
0.074842
0.074543
0.074244
0.073945
0.073646
0.073346
0.073047
0.072748
0.072449
0.072150
0.071851
0.071551
0.071252
0.070953
0.070654
0.070355
0.070056
0.069756
0.069457
0.069158
0.068859
0.068560
0.068261
0.067961
0.067662
0.067409
0.067709
0.068010
0.068310
0.068611
0.068911
0.069212
0.069512
0.069813
0.070113
0.070414
0.070714
0.071014
0.071315
0.071615
0.071916
0.072216
0.072517
0.072817
0.073118
0.073418
0.073719
0.074019
0.074320
0.074620
0.074921
0.075221
0.075343
0.075345
0.075347
0.075349
0.075351
0.075353
0.075355
0.075357
0.075359
0.075361
0.075362
0.075364
0.075366
0.075368
0.075370
0.075372
0.075374
0.075376
0.075378
0.075379
0.075381
0.075383
0.075385
0.075387
0.075389
0.075391
0.075393
0.076269
0.077211
0.078153
0.079094
0.080036
0.080978
0.081920
0.082861
0.083803
0.084745
0.085686
0.086628
0.087570
0.088511
0.089453
0.090395
0.091337
0.092278
0.093220
0.094162
0.095103
0.096045
0.096987
0.097929
0.098870
0.099812
0.101082
0.103687
0.106292
0.108897
0.111502
0.114107
0.116712
0.119317
0.121922
0.124526
0.127131
0.129736
0.132341
0.134946
0.137551
0.140156
0.142761
0.145366
0.147971
0.150576
0.153181
0.155786
0.158391
0.160996
0.163601
0.166206
0.168811
0.168260
0.164920
0.161579
0.158239
0.154898
0.151558
0.148217
0.144877
0.141536
0.138196
0.134855
0.131514
0.128174
0.124833
0.121493
0.118152
0.114812
0.111471
0.108131
0.104790
0.101450
0.098109
0.094769
0.091428
0.088088
0.084747
0.081407
0.079746
0.078350
0.076954
0.075558
0.074162
0.072766
0.071370
0.069974
0.068578
0.067182
0.065786
0.064390
0.062994
0.061598
0.060202
0.058806
0.057410
0.056014
0.054618
0.053222
0.051826
0.050430
0.049034
0.047638
0.046242
0.044846
0.043725
0.043725
0.043725
0.043725
0.043725
0.043725
0.043725
0.043725
0.043725
0.043725
0.043725
0.043725
0.043725
0.043725
0.043725
0.043725
0.043725
0.043725
0.043725
0.043725
0.043725
0.043725
0.043725
0.043725
0.043725
0.043725
