0.655727
0.655727
0.655727
0.655727
0.655727
0.655727
0.655727
0.655727
0.655727
0.655727
0.655727
0.655727
0.655727
0.655727
0.655727
0.655727
0.655727
0.655727
0.655727
0.655727
0.655727
0.655727
0.655727
0.649468
0.629608
0.609748
0.589888
0.570028
0.550168
0.530308
0.510448
0.490588
0.470728
0.450868
0.431008
0.411148
0.391288
0.371428
0.351568
0.331708
0.311848
0.291988
0.272128
0.252268
0.232408
0.212548
0.192688
0.172828
0.152968
0.133107
0.124706
0.122517
0.120328
0.118139
0.115950
0.113761
0.111572
0.109383
0.107193
0.105004
0.102815
0.100626
0.098437
0.096248
0.094059
0.091870
0.089680
0.087491
0.085302
0.083113
0.080924
0.078735
0.076546
0.074357
0.072167
0.069978
0.067789
0.066788
0.065808
0.064828
0.063849
0.062869
0.061890
0.060910
0.059931
0.058951
0.057971
0.056992
0.056012
0.055033
0.054053
0.053074
0.052094
0.051114
0.050135
0.049155
0.048176
0.047196
0.046216
0.045237
0.044257
0.043278
0.042298
0.041472
0.040977
0.040483
0.039989
0.039495
0.039001
0.038507
0.038012
0.037518
0.037024
0.036530
0.036036
0.035542
0.035047
0.034553
0.034059
0.033565
0.033071
0.032577
0.032082
0.031588
0.031094
0.030600
0.030106
0.029612
0.029117
0.028623
0.028510
0.028603
0.028697
0.028790
0.028884
0.028977
0.029070
0.029164
0.029257
0.029351
0.029444
0.029537
0.029631
0.029724
0.029817
0.029911
0.030004
0.030098
0.030191
0.030284
0.030378
0.030471
0.030565
0.030658
0.030751
0.030845
0.030938
0.030745
0.030547
0.030348
0.030150
0.029952
0.029754
0.029555
0.029357
0.029159
0.028960
0.028762
0.028564
0.028365
0.028167
0.027969
0.027771
0.027572
0.027374
0.027176
0.026977
0.026779
0.026581
0.026383
0.026184
0.025986
0.025788
0.025688
0.025802
0.025916
0.026030
0.026143
0.026257
0.026371
0.026485
0.026599
0.026713
0.026827
0.026941
0.027055
0.027169
0.027283
0.027397
0.027511
0.027625
0.027738
0.027852
0.027966
0.028080
0.028194
0.028308
0.028422
0.028536
0.028650
0.028847
0.029088
0.029330
0.029572
0.029813
0.030055
0.030296
0.030538
0.030780
0.031021
0.031263
0.031505
0.031746
0.031988
0.032229
0.032471
0.032713
0.032954
0.033196
0.033438
0.033679
0.033921
0.034163
0.034404
0.034646
0.034865
0.034596
0.034327
0.034058
0.033789
0.033520
0.033250
0.032981
0.032712
0.032443
0.032174
0.031905
0.031635
0.031366
0.031097
0.030828
0.030559
0.030290
0.030020
0.029751
0.029482
0.029623
0.030113
0.030602
0.031091
0.031580
0.032070
0.032559
0.033048
0.033537
0.034026
0.034516
0.035005
0.035494
0.035983
0.036472
0.036962
0.037469
0.038029
0.038589
0.039149
0.039708
0.040268
0.040828
0.041388
0.041948
0.042508
0.043068
0.043628
0.044188
0.044623
0.044421
0.044219
0.044017
0.043816
0.043614
0.043412
0.043211
0.043009
0.042807
0.042605
0.042404
0.042561
0.042811
0.043061
0.043311
0.043562
0.043812
0.044062
0.044312
0.044562
0.044822
0.045169
0.045515
0.045862
0.046209
0.046555
0.046902
0.047249
0.047595
0.047872
0.048148
0.048423
0.048699
0.048975
0.049250
0.049711
0.051996
0.054282
0.056567
0.058853
0.061138
0.063424
0.065147
0.066752
0.068356
0.069961
0.071565
0.073274
0.075137
0.077000
0.078862
0.080725
0.082602
0.084490
0.086379
0.088267
0.091049
0.096251
0.101454
0.106656
0.112631
0.119972
0.127313
0.134653
0.138642
0.141824
0.145006
0.149283
0.154970
0.160657
0.165098
0.166627
0.168156
0.173988
0.186085
0.198182
0.202861
0.203329
0.203878
0.212060
0.220242
0.223550
0.222593
0.222757
0.226356
0.230125
0.235718
0.241311
0.252184
0.263139
0.273024
0.283006
0.294154
0.298153
0.278167
0.273239
0.288335
0.304015
0.319338
0.327037
0.340591
0.360688
0.348674
0.343314
0.355262
0.346515
0.343093
0.347931
0.340563
0.344411
0.339343
0.325330
0.357310
0.393676
0.404155
0.413618
0.437085
0.457882
0.486691
0.499995
0.497607
0.496993
0.468563
0.464647
0.486639
0.488387
0.529027
0.521304
0.474714
0.510479
0.505983
0.510402
0.571582
0.578276
0.577838
0.612170
0.641902
0.643266
0.682380
0.728457
0.731223
0.717583
0.692161
0.739744
0.721575
0.755066
0.757354
0.728762
0.723810
0.787800
0.769412
0.748918
0.745978
0.818713
0.756398
0.780112
0.767819
0.751467
0.852548
0.811320
0.881855
0.885365
0.877294
0.932067
0.906874
0.986439
0.989019
1.085267
1.071795
1.101420
1.106249
1.180499
1.223712
1.192956
1.206106
1.259875
1.293692
1.427795
1.475150
1.559061
1.627067
1.688937
1.790678
1.669703
1.728707
1.820853
1.883062
1.983578
1.989964
2.014345
2.173158
2.173457
2.297806
2.367090
2.405851
2.325922
2.491436
2.441984
2.561518
2.661613
2.633337
2.641555
2.803362
2.905224
3.065442
2.998218
3.210089
3.330948
3.427854
3.441317
3.700839
3.539540
3.740129
3.974572
3.948674
4.266182
4.080516
4.167382
4.031225
4.191744
4.181504
4.135178
4.141348
4.134279
4.212656
4.326960
4.288315
4.082507
4.373466
4.445028
4.559932
4.536527
4.280115
4.132621
4.491783
4.415423
4.342625
4.500114
4.698389
4.738444
4.667984
4.712966
4.761037
4.988178
5.030961
5.320585
5.592411
5.791094
6.123897
6.510681
6.613415
6.977437
7.154170
7.204236
8.061385
7.982531
7.860532
8.294667
8.190814
8.293252
8.097108
8.567253
8.491865
8.427286
8.405794
8.556633
8.612119
8.750348
8.545069
8.836289
9.119649
9.020680
9.254940
9.466923
9.134056
9.365216
9.177467
9.636075
9.365546
8.663398
9.709084
8.959402
8.693332
8.892116
9.377614
9.041678
8.878184
9.302797
9.075401
8.589403
8.082883
8.246636
8.585899
8.971266
9.221359
8.985124
8.537677
8.931437
8.794159
8.631817
8.366916
8.112665
8.201623
8.155894
8.330208
7.960877
8.014690
8.219027
8.290401
8.014501
7.959718
7.787480
7.656300
7.775425
7.567764
7.539261
7.124797
6.995411
7.243124
7.269339
7.204812
7.300151
7.090525
6.995474
7.272561
6.949432
6.944375
6.821098
6.753836
6.616522
6.637402
6.628563
6.544149
6.521658
6.716348
6.798558
6.676098
6.624009
6.531863
6.375291
6.483159
6.619879
6.520842
6.411782
6.375509
6.483989
6.473755
6.434678
6.335046
6.330850
6.526184
6.552393
6.347152
6.366943
6.327533
6.343896
6.280047
6.274078
6.278761
6.405688
6.432386
6.545801
6.470528
6.503761
6.533109
6.594037
6.702326
6.792625
6.973022
6.979215
7.107465
7.240559
7.406936
7.495177
7.703446
7.716869
7.697673
7.899977
7.922259
8.022262
8.056350
8.235192
8.245161
8.316563
8.387141
8.477546
8.632567
8.841356
8.869334
8.827198
8.898995
9.023839
9.087766
9.231550
9.265738
9.418723
9.459045
9.682960
9.731544
9.790926
10.012253
10.047814
10.183319
10.292142
10.361938
10.372488
10.571895
10.646334
10.761639
10.659663
10.924737
11.055749
11.089762
11.163327
11.052499
11.326375
11.428895
11.441840
11.540950
11.726592
11.789643
11.773301
11.947247
11.943856
12.059394
11.963322
11.932784
12.271813
12.199221
12.209109
12.332563
12.167499
12.208730
12.368638
12.313078
12.284295
12.474029
12.609307
12.532287
12.498381
12.685764
12.940714
13.087339
13.440040
13.696924
13.777840
13.895935
14.085701
14.229101
14.375040
14.604183
14.817175
14.987601
15.080906
15.130109
15.147916
15.464099
15.613529
15.773370
15.689907
15.917036
16.033318
16.168589
16.323113
16.457739
16.647106
16.569911
16.612269
16.866527
17.029507
17.188690
17.417974
17.431561
17.683917
17.689590
17.807203
18.163431
18.256582
18.803008
19.268889
19.624059
20.049275
20.706966
21.051015
21.659791
22.686873
23.408567
24.033607
25.002190
25.622336
26.626649
27.418998
28.387590
29.168610
30.082577
31.320122
32.359756
32.870271
34.335781
35.412105
36.518541
37.904990
38.989067
40.519144
42.019475
43.019036
44.278385
45.941565
47.379340
48.830162
50.873222
52.584228
53.733072
55.588132
57.330769
57.646397
60.516883
62.457059
65.013524
67.936153
70.734493
73.669706
76.908997
79.075695
82.256130
85.347825
89.592223
91.806021
95.274398
99.921931
101.890250
104.120296
107.223889
108.542362
112.774396
114.165087
116.982695
119.696213
122.141838
123.995351
125.542802
127.701526
129.124901
130.266916
130.377627
129.620611
130.323698
131.425733
133.055938
131.113620
130.822667
133.035760
133.990031
132.878008
131.905929
133.275822
131.595985
132.662481
131.723793
133.593860
132.651397
132.191515
131.266970
130.594852
130.568632
129.804298
130.307194
131.752417
130.283137
131.620305
128.828371
128.434616
127.919360
129.042441
