0.655727
0.655727
0.655727
0.655727
0.655727
0.655727
0.655727
0.655727
0.655727
0.655727
0.655727
0.655727
0.655727
0.655727
0.655727
0.655727
0.655727
0.655727
0.655727
0.655727
0.655727
0.655727
0.655727
0.649503
0.629754
0.610004
0.590255
0.570505
0.550756
0.531006
0.511257
0.491507
0.471758
0.452008
0.432259
0.412510
0.392760
0.373011
0.353261
0.333512
0.313762
0.294013
0.274263
0.254514
0.234764
0.215015
0.195265
0.175516
0.155766
0.136017
0.127609
0.125350
0.123092
0.120833
0.118574
0.116315
0.114056
0.111797
0.109539
0.107280
0.105021
0.102762
0.100503
0.098244
0.095985
0.093727
0.091468
0.089209
0.086950
0.084691
0.082432
0.080174
0.077915
0.075656
0.073397
0.071138
0.068879
0.067898
0.066941
0.065984
0.065027
0.064070
0.063113
0.062155
0.061198
0.060241
0.059284
0.058327
0.057369
0.056412
0.055455
0.054498
0.053541
0.052583
0.051626
0.050669
0.049712
0.048755
0.047798
0.046840
0.045883
0.044926
0.043969
0.043146
0.042614
0.042082
0.041550
0.041019
0.040487
0.039955
0.039423
0.038892
0.038360
0.037828
0.037296
0.036765
0.036233
0.035701
0.035169
0.034638
0.034106
0.033574
0.033042
0.032511
0.031979
0.031447
0.030915
0.030383
0.029852
0.029320
0.029127
0.029118
0.029109
0.029100
0.029091
0.029082
0.029073
0.029064
0.029055
0.029046
0.029037
0.029028
0.029019
0.029010
0.029001
0.028992
0.028983
0.028974
0.028965
0.028956
0.028947
0.028938
0.028929
0.028920
0.028911
0.028902
0.028893
0.029027
0.029164
0.029300
0.029437
0.029573
0.029710
0.029847
0.029983
0.030120
0.030257
0.030393
0.030530
0.030667
0.030803
0.030940
0.031077
0.031213
0.031350
0.031487
0.031623
0.031760
0.031896
0.032033
0.032170
0.032306
0.032443
0.032460
0.032215
0.031971
0.031726
0.031482
0.031238
0.030993
0.030749
0.030504
0.030260
0.030016
0.029771
0.029527
0.029282
0.029038
0.028794
0.028549
0.028305
0.028060
0.027816
0.027572
0.027327
0.027083
0.026838
0.026594
0.026350
0.026105
0.026177
0.026420
0.026663
0.026906
0.027149
0.027392
0.027635
0.027878
0.028121
0.028364
0.028607
0.028850
0.029093
0.029336
0.029579
0.029822
0.030065
0.030308
0.030551
0.030795
0.031038
0.031281
0.031524
0.031767
0.032010
0.032230
0.032187
0.032144
0.032101
0.032057
0.032014
0.031971
0.031927
0.031884
0.031841
0.031797
0.031754
0.031711
0.031667
0.031624
0.031581
0.031537
0.031494
0.031451
0.031407
0.031364
0.031465
0.031702
0.031938
0.032174
0.032411
0.032647
0.032883
0.033120
0.033356
0.033592
0.033829
0.034065
0.034301
0.034538
0.034774
0.035010
0.034963
0.034655
0.034347
0.034039
0.033731
0.033423
0.033115
0.032807
0.032498
0.032190
0.031882
0.031574
0.031266
0.031172
0.031846
0.032520
0.033195
0.033869
0.034543
0.035217
0.035892
0.036566
0.037240
0.037914
0.038540
0.038441
0.038343
0.038244
0.038146
0.038047
0.037949
0.037850
0.037752
0.037653
0.037937
0.038776
0.039615
0.040454
0.041293
0.042132
0.042971
0.043810
0.044757
0.045875
0.046994
0.048112
0.049230
0.050348
0.051466
0.052359
0.053093
0.053827
0.054561
0.055295
0.056029
0.057044
0.058253
0.059461
0.060670
0.061878
0.064136
0.067671
0.071205
0.074740
0.078284
0.082164
0.086044
0.089925
0.093805
0.099909
0.106271
0.112632
0.118739
0.123846
0.128953
0.134059
0.136880
0.138901
0.140922
0.146577
0.155111
0.163644
0.166750
0.165434
0.164118
0.168534
0.174172
0.180630
0.190984
0.201339
0.207311
0.211541
0.216132
0.221392
0.224907
0.217622
0.210447
0.209738
0.209248
0.219128
0.229681
0.246652
0.259080
0.259560
0.257232
0.252384
0.250052
0.252579
0.268946
0.286399
0.299351
0.295782
0.300603
0.309654
0.320934
0.320318
0.330397
0.330367
0.330834
0.357116
0.337128
0.351516
0.354729
0.359449
0.379642
0.402091
0.423308
0.408284
0.402608
0.422414
0.437356
0.453215
0.433480
0.459288
0.476358
0.524940
0.551524
0.617879
0.744513
0.796390
0.850088
0.964779
1.059184
1.145351
1.380811
1.504278
1.645105
1.858422
2.118249
2.391079
2.597069
2.953387
3.350858
3.748208
4.061038
4.273951
4.357469
4.067836
3.901956
4.131112
3.810098
3.304434
2.708156
2.195910
1.759540
1.485158
1.199235
0.932890
0.710185
0.567236
0.444227
0.367413
0.319308
0.271639
0.231014
0.206270
0.188122
0.182687
0.185416
0.184974
0.198786
0.210939
0.234007
0.272745
0.297332
0.343117
0.460742
0.525730
0.633428
0.750253
0.873619
1.039854
1.113877
1.225081
1.248059
1.229903
1.186735
1.139517
1.173454
1.148850
1.212487
1.232190
1.300371
1.316177
1.353650
1.422783
1.434801
1.505484
1.597669
1.593019
1.591296
1.613702
1.745144
1.866897
1.885876
1.968748
2.201810
2.361246
2.364390
2.371645
2.549858
2.623771
2.916845
2.953989
3.055954
3.130421
3.086142
3.290619
2.988267
3.186297
3.265276
3.296691
3.074332
3.172928
3.099681
3.309672
3.406477
3.407041
3.323712
3.670445
3.655692
3.630602
3.762901
3.768801
3.931766
3.829968
3.774220
3.675627
3.842473
3.875259
3.893003
3.766222
3.990036
4.143679
4.230955
4.292739
4.247396
4.281488
4.451730
4.642663
4.847887
4.598928
5.106441
4.983836
5.758330
5.824450
5.986320
6.639114
6.819708
6.922561
6.739458
7.231405
6.871867
7.156082
7.208709
7.660136
7.449269
7.962844
7.543032
7.613417
7.720350
8.152088
8.406577
7.993105
7.833546
7.957632
8.435876
7.638048
7.770225
7.751245
8.335260
7.867417
7.335047
7.048630
7.158998
7.424660
7.407251
7.581994
7.485804
7.492685
7.529860
7.365145
7.040047
7.611206
7.771138
7.761919
7.689715
7.493948
7.714569
7.544303
6.953505
7.148661
7.280278
7.303341
7.462928
7.147742
6.987166
7.244140
7.169927
7.144266
6.897854
6.610352
6.472492
6.390082
6.540475
6.344283
6.212517
6.316861
6.108020
6.168126
6.162933
6.122253
6.087617
6.145605
6.422761
5.894345
5.408772
5.635335
5.705052
5.721716
5.776057
5.536163
5.598701
5.586857
5.628872
5.558151
5.589009
5.616625
5.585624
5.580192
5.662204
5.788783
5.707378
5.598359
5.630700
5.684047
5.726162
5.820399
5.746944
5.749565
5.818997
5.731072
5.795959
5.860285
5.834731
5.806804
5.828131
5.781316
5.816507
5.734119
5.797955
5.867774
5.861129
5.995171
6.104363
6.113479
6.126635
6.168636
6.293184
6.344118
6.425784
6.414241
6.590615
6.672555
6.847699
6.897293
6.935854
7.036436
7.151434
7.145984
7.272922
7.304343
7.407487
7.541861
7.547253
7.645715
7.759403
7.839279
7.936540
7.990843
8.014111
8.317168
8.291434
8.387737
8.580588
8.560047
8.658803
8.798537
8.809365
8.949251
9.080580
9.185234
9.232980
9.351490
9.418795
9.518072
9.594745
9.751598
9.692260
9.845154
9.883326
10.045884
10.205663
10.144637
10.348450
10.299774
10.502610
10.524883
10.684193
10.751635
10.745430
10.796171
10.832276
10.874221
11.162914
11.288638
11.290090
11.399999
11.430286
11.396616
11.488130
11.425803
11.595030
11.569069
11.625577
11.619504
11.686095
11.812030
11.709258
11.821836
11.911642
11.898150
11.987509
12.163899
12.195594
12.409148
12.622385
12.861021
13.088170
13.102154
13.334141
13.499357
13.573857
13.779631
13.760354
14.047441
14.033264
14.210798
14.167736
14.494223
14.678940
14.702073
14.636455
14.654590
14.987450
15.197163
15.462575
15.267537
15.508106
15.613153
15.739777
15.794543
16.094700
16.076635
16.110434
16.266784
16.393276
16.513804
16.509423
16.806356
16.873803
17.044499
17.442356
18.013540
18.215129
18.572366
19.152061
19.847058
20.049371
20.854808
21.553457
22.057136
22.992814
24.082702
24.152476
24.948351
25.794610
27.051153
27.900872
28.193338
29.474027
30.654153
31.711026
33.013740
33.989446
35.033330
36.093555
36.805905
38.391232
39.844211
41.173433
42.425804
43.268243
45.100707
46.760821
48.462799
49.588491
51.301639
53.078204
54.104604
56.558092
59.143761
61.378127
64.313432
67.068021
69.031605
72.709848
75.006775
77.632095
80.269670
83.028702
85.951423
87.509406
89.666231
92.847354
95.005843
98.587533
100.865202
102.337715
105.842822
108.423654
109.671622
112.622041
112.506782
115.782919
119.128364
118.151781
119.871770
120.273723
120.414339
121.544126
121.457344
120.793220
120.656481
121.210801
121.591017
121.216007
121.392382
123.368284
122.335797
120.257049
121.109263
120.305408
120.004265
120.690594
119.267493
119.639792
119.752811
119.823919
120.121844
118.909841
121.151494
119.019711
118.230354
120.151842
118.153438
117.066511
118.269932
115.982016
117.206317
116.910730
116.228432
115.984282
