0.655727
0.655727
0.655727
0.655727
0.655727
0.655727
0.655727
0.655727
0.655727
0.655727
0.655727
0.655727
0.655727
0.655727
0.655727
0.655727
0.655727
0.655727
0.655727
0.655727
0.655727
0.655727
0.655727
0.649543
0.629921
0.610298
0.590675
0.571053
0.551430
0.531807
0.512184
0.492562
0.472939
0.453316
0.433694
0.414071
0.394448
0.374826
0.355203
0.335580
0.315958
0.296335
0.276712
0.257090
0.237467
0.217844
0.198222
0.178599
0.158976
0.139354
0.130976
0.128694
0.126413
0.124131
0.121850
0.119568
0.117287
0.115005
0.112724
0.110442
0.108161
0.105879
0.103598
0.101316
0.099034
0.096753
0.094471
0.092190
0.089908
0.087627
0.085345
0.083064
0.080782
0.078501
0.076219
0.073938
0.071656
0.070633
0.069633
0.068633
0.067633
0.066632
0.065632
0.064632
0.063632
0.062632
0.061632
0.060632
0.059632
0.058632
0.057632
0.056632
0.055632
0.054632
0.053632
0.052632
0.051632
0.050632
0.049631
0.048631
0.047631
0.046631
0.045631
0.044727
0.044030
0.043334
0.042637
0.041941
0.041244
0.040548
0.039851
0.039155
0.038458
0.037762
0.037065
0.036369
0.035672
0.034976
0.034279
0.033582
0.032886
0.032189
0.031493
0.030796
0.030100
0.029403
0.028707
0.028010
0.027314
0.026617
0.026411
0.026470
0.026529
0.026588
0.026647
0.026707
0.026766
0.026825
0.026884
0.026943
0.027002
0.027062
0.027121
0.027180
0.027239
0.027298
0.027357
0.027416
0.027476
0.027535
0.027594
0.027653
0.027712
0.027771
0.027831
0.027890
0.027949
0.027959
0.027968
0.027977
0.027987
0.027996
0.028005
0.028014
0.028024
0.028033
0.028042
0.028051
0.028061
0.028070
0.028079
0.028088
0.028097
0.028107
0.028116
0.028125
0.028134
0.028144
0.028153
0.028162
0.028171
0.028181
0.028190
0.028200
0.028213
0.028226
0.028238
0.028251
0.028264
0.028276
0.028289
0.028302
0.028315
0.028327
0.028340
0.028353
0.028365
0.028378
0.028391
0.028404
0.028416
0.028429
0.028442
0.028454
0.028467
0.028480
0.028493
0.028505
0.028518
0.028531
0.028549
0.028570
0.028591
0.028612
0.028633
0.028654
0.028675
0.028696
0.028717
0.028738
0.028759
0.028780
0.028801
0.028822
0.028843
0.028864
0.028885
0.028906
0.028927
0.028948
0.028969
0.028990
0.029011
0.029032
0.029053
0.029074
0.029293
0.029558
0.029823
0.030088
0.030353
0.030618
0.030883
0.031147
0.031412
0.031677
0.031942
0.032207
0.032472
0.032737
0.033002
0.033267
0.033531
0.033796
0.034061
0.034326
0.034418
0.034428
0.034439
0.034450
0.034461
0.034472
0.034483
0.034493
0.034504
0.034515
0.034526
0.034537
0.034548
0.034558
0.034569
0.034580
0.034523
0.034388
0.034253
0.034117
0.033982
0.033847
0.033712
0.033577
0.033442
0.033306
0.033171
0.033036
0.032901
0.032766
0.033081
0.033420
0.033758
0.034096
0.034435
0.034773
0.035112
0.035450
0.035788
0.036127
0.036465
0.036624
0.036752
0.036879
0.037006
0.037133
0.037261
0.037388
0.037515
0.037643
0.037382
0.036904
0.036426
0.035948
0.035471
0.034993
0.034515
0.034037
0.034845
0.036020
0.037195
0.038371
0.039546
0.040721
0.041896
0.043277
0.044689
0.046101
0.047513
0.048925
0.050338
0.052450
0.054655
0.056860
0.059066
0.061271
0.063888
0.066689
0.069489
0.072290
0.075091
0.077892
0.080694
0.083496
0.086297
0.092831
0.099782
0.106732
0.113141
0.116137
0.119133
0.122129
0.128886
0.137021
0.145155
0.149643
0.150880
0.152117
0.153778
0.155752
0.157727
0.163367
0.170179
0.175754
0.175338
0.174922
0.177116
0.186689
0.194498
0.201292
0.217785
0.233118
0.228495
0.224669
0.240736
0.243700
0.251279
0.269324
0.263266
0.257367
0.259192
0.269542
0.263253
0.266904
0.266087
0.290888
0.290934
0.285461
0.295686
0.302082
0.324469
0.319095
0.285348
0.286539
0.306589
0.296666
0.284487
0.315337
0.341068
0.346847
0.369903
0.396037
0.460409
0.509321
0.583989
0.577214
0.568883
0.641465
0.756044
0.850757
0.988301
1.109163
1.187491
1.662493
2.416753
3.922945
6.413880
12.710368
29.320920
45.531879
64.335395
105.876541
215.229172
786.877824
2088.080389
3032.136456
2775.109374
2406.333607
2259.915244
1935.955669
1727.898836
1485.407781
1202.083596
930.180272
783.553472
669.586793
596.247504
553.179059
439.495582
378.590930
344.293319
300.022698
242.854166
181.752726
145.791208
122.535650
106.067086
86.259467
47.224256
13.763282
2.898760
1.321261
0.596140
0.322028
0.180528
0.082451
0.037054
0.019562
0.011965
0.008386
0.005916
0.005020
0.004248
0.003600
0.004362
0.005639
0.016914
0.058763
0.114561
0.152770
0.192585
0.257201
0.317582
0.430692
0.485221
0.558869
0.606331
0.626047
0.629983
0.619283
0.661635
0.734697
0.738371
0.851501
0.871814
0.964534
0.999267
1.141627
1.208988
1.191656
1.251364
1.417283
1.418469
1.501597
1.529133
1.505348
1.654157
1.627412
1.762791
1.641276
1.823666
1.814499
1.800850
2.035170
2.013258
2.208141
2.263056
2.092598
2.179600
2.385627
2.245008
2.238696
2.581428
2.388646
2.669583
2.479976
2.701008
2.802284
2.782260
2.951021
3.043882
3.003719
3.113621
2.945560
3.078281
3.073883
3.123790
3.156593
3.134437
3.272300
3.238728
3.175443
3.453294
3.115069
3.395385
3.653737
3.712110
3.864352
4.590814
4.561137
4.556256
4.872467
4.801290
5.161552
5.075256
5.592596
4.977437
5.671382
5.497788
5.780018
5.343055
5.422212
5.146772
5.654818
5.323070
5.595923
5.554306
5.439919
5.953915
5.803546
5.678232
5.833501
5.890613
5.969725
5.732675
5.405267
5.513221
5.443718
5.226359
4.993650
4.927231
4.888651
5.125342
5.189451
5.225372
4.754063
4.900684
4.768437
4.819486
4.807151
4.858920
4.711620
4.663564
4.837853
4.944034
4.943625
4.987009
4.953120
5.034467
4.959463
4.953073
5.056468
4.848052
4.691202
4.681782
4.636654
4.633965
4.761402
4.740701
4.645397
4.694175
4.690027
4.818794
4.796850
4.730304
4.687695
4.685455
4.515642
4.511266
4.550483
4.608645
4.493207
4.557919
4.615587
4.618658
4.603130
4.627788
4.749312
4.849748
4.783521
4.608310
4.538103
4.499669
4.509109
4.515188
4.525956
4.606174
4.584981
4.644525
4.641017
4.661358
4.677965
4.636636
4.641128
4.661749
4.609350
4.620436
4.653669
4.696823
4.702449
4.812838
4.869377
4.804334
4.799735
4.813401
4.801447
4.790856
4.781262
4.815810
4.879426
4.839823
4.747452
4.930923
5.030886
5.100305
5.196818
5.255870
5.263665
5.389797
5.481294
5.575240
5.750726
5.690167
5.791524
5.877702
5.901684
6.003461
6.018516
6.076157
6.095039
6.225779
6.376941
6.380770
6.397846
6.547976
6.517766
6.604898
6.747581
6.825691
6.858444
6.911572
6.942370
7.017097
7.048548
7.248829
7.217287
7.287980
7.475877
7.467692
7.484082
7.598344
7.743340
7.771539
7.739190
7.988356
7.941122
8.117008
8.129541
8.196999
8.281949
8.284476
8.431452
8.545384
8.640132
8.558714
8.600172
8.590678
8.758103
8.835897
8.780358
8.910723
9.047874
8.997785
9.093130
9.240547
9.192302
9.197510
9.204195
9.234189
9.268414
9.236389
9.197005
9.376908
9.365735
9.321883
9.374297
9.459639
9.467286
9.602811
9.788639
10.071177
10.142453
10.187429
10.320720
10.268656
10.538183
10.803125
10.767879
10.854117
10.866387
11.031975
11.110437
11.393691
11.453852
11.430973
11.619297
11.583142
11.776055
11.804380
11.913864
11.998580
12.126452
12.145777
12.366465
12.330806
12.445954
12.618328
12.656992
12.761311
12.738418
12.840306
13.089433
13.269092
13.149405
13.306285
13.315927
13.608709
13.741710
13.796574
13.976593
14.381340
14.656405
14.858878
15.371826
15.868235
16.327701
16.786944
17.311783
17.719751
18.360621
19.312357
19.654681
20.537551
20.850598
21.622199
22.430354
23.094927
24.065863
24.731794
25.400597
26.106318
27.526081
28.290990
29.148851
30.229806
30.500604
32.062205
33.002001
34.236280
34.939461
36.024749
37.506263
38.496259
39.709605
40.673904
42.595353
44.727441
46.498209
48.217314
50.233143
51.167864
53.794059
56.142085
57.394035
59.543894
61.585504
63.400419
66.352294
68.417562
70.223304
72.153609
74.436717
76.025982
76.754160
78.651794
81.094474
81.609920
83.534047
84.987888
86.027601
87.406661
88.295261
89.373377
90.288516
89.925229
90.574370
91.445590
91.155169
92.604310
91.944361
91.598057
92.812051
91.835948
92.488426
92.379918
91.939756
93.301156
93.031310
93.025521
92.167609
91.811599
91.867699
91.934121
90.859910
90.855930
90.598683
91.336152
90.861010
90.134226
90.719066
90.297884
89.562508
89.846025
88.413607
90.376469
88.031160
88.004403
87.098742
