0.000000
0.003472
0.006944
0.010417
0.013889
0.017361
0.020833
0.024306
0.027778
0.031250
0.034722
0.038194
0.041667
0.045139
0.048611
0.052083
0.055556
0.059028
0.062500
0.065972
0.069444
0.072917
0.076389
0.079861
0.083333
0.086806
0.090278
0.093750
0.097222
0.100694
0.104167
0.107639
0.111111
0.114583
0.118056
0.121528
0.125000
0.128472
0.131944
0.135417
0.138889
0.142361
0.145833
0.149306
0.152778
0.156250
0.159722
0.163194
0.166667
0.170139
0.173611
0.177083
0.180556
0.184028
0.187500
0.190972
0.194444
0.197917
0.201389
0.204861
0.208333
0.211806
0.215278
0.218750
0.222222
0.225694
0.229167
0.232639
0.236111
0.239583
0.243056
0.246528
0.250000
0.253472
0.256944
0.260417
0.263889
0.267361
0.270833
0.274306
0.277778
0.281250
0.284722
0.288194
0.291667
0.295139
0.298611
0.302083
0.305556
0.309028
0.312500
0.315972
0.319444
0.322917
0.326389
0.329861
0.333333
0.336806
0.340278
0.343750
0.347222
0.350694
0.354167
0.357639
0.361111
0.364583
0.368056
0.371528
0.375000
0.378472
0.381944
0.385417
0.388889
0.392361
0.395833
0.399306
0.402778
0.406250
0.409722
0.413194
0.416667
0.420139
0.423611
0.427083
0.430556
0.434028
0.437500
0.440972
0.444444
0.447917
0.451389
0.454861
0.458333
0.461806
0.465278
0.468750
0.472222
0.475694
0.479167
0.482639
0.486111
0.489583
0.493056
0.496528
0.500000
0.503472
0.506944
0.510417
0.513889
0.517361
0.520833
0.524306
0.527778
0.531250
0.534722
0.538194
0.541667
0.545139
0.548611
0.552083
0.555556
0.559028
0.562500
0.565972
0.569444
0.572917
0.576389
0.579861
0.583333
0.586806
0.590278
0.593750
0.597222
0.600694
0.604167
0.607639
0.611111
0.614583
0.618056
0.621528
0.625000
0.628472
0.631944
0.635417
0.638889
0.642361
0.645833
0.649306
0.652778
0.656250
0.659722
0.663194
0.666667
0.670139
0.673611
0.677083
0.680556
0.684028
0.687500
0.690972
0.694444
0.697917
0.701389
0.704861
0.708333
0.711806
0.715278
0.718750
0.722222
0.725694
0.729167
0.732639
0.736111
0.739583
0.743056
0.746528
0.750000
0.753472
0.756944
0.760417
0.763889
0.767361
0.770833
0.774306
0.777778
0.781250
0.784722
0.788194
0.791667
0.795139
0.798611
0.802083
0.805556
0.809028
0.812500
0.815972
0.819444
0.822917
0.826389
0.829861
0.833333
0.836806
0.840278
0.843750
0.847222
0.850694
0.854167
0.857639
0.861111
0.864583
0.868056
0.871528
0.875000
0.878472
0.881944
0.885417
0.888889
0.892361
0.895833
0.899306
0.902778
0.906250
0.909722
0.913194
0.916667
0.920139
0.923611
0.927083
0.930556
0.934028
0.937500
0.940972
0.944444
0.947917
0.951389
0.954861
0.958333
0.961806
0.965278
0.968750
0.972222
0.975694
0.979167
0.982639
0.986111
0.989583
0.993056
0.996528
1.000000
1.003472
1.006944
1.010417
1.013889
1.017361
1.020833
1.024306
1.027778
1.031250
1.034722
1.038194
1.041667
1.045139
1.048611
1.052083
1.055556
1.059028
1.062500
1.065972
1.069444
1.072917
1.076389
1.079861
1.083333
1.086806
1.090278
1.093750
1.097222
1.100694
1.104167
1.107639
1.111111
1.114583
1.118056
1.121528
1.125000
1.128472
1.131944
1.135417
1.138889
1.142361
1.145833
1.149306
1.152778
1.156250
1.159722
1.163194
1.166667
1.170139
1.173611
1.177083
1.180556
1.184028
1.187500
1.190972
1.194444
1.197917
1.201389
1.204861
1.208333
1.211806
1.215278
1.218750
1.222222
1.225694
1.229167
1.232639
1.236111
1.239583
1.243056
1.246528
1.250000
1.253472
1.256944
1.260417
1.263889
1.267361
1.270833
1.274306
1.277778
1.281250
1.284722
1.288194
1.291667
1.295139
1.298611
1.302083
1.305556
1.309028
1.312500
1.315972
1.319444
1.322917
1.326389
1.329861
1.333333
1.336806
1.340278
1.343750
1.347222
1.350694
1.354167
1.357639
1.361111
1.364583
1.368056
1.371528
1.375000
1.378472
1.381944
1.385417
1.388889
1.392361
1.395833
1.399306
1.402778
1.406250
1.409722
1.413194
1.416667
1.420139
1.423611
1.427083
1.430556
1.434028
1.437500
1.440972
1.444444
1.447917
1.451389
1.454861
1.458333
1.461806
1.465278
1.468750
1.472222
1.475694
1.479167
1.482639
1.486111
1.489583
1.493056
1.496528
1.500000
1.503472
1.506944
1.510417
1.513889
1.517361
1.520833
1.524306
1.527778
1.531250
1.534722
1.538194
1.541667
1.545139
1.548611
1.552083
1.555556
1.559028
1.562500
1.565972
1.569444
1.572917
1.576389
1.579861
1.583333
1.586806
1.590278
1.593750
1.597222
1.600694
1.604167
1.607639
1.611111
1.614583
1.618056
1.621528
1.625000
1.628472
1.631944
1.635417
1.638889
1.642361
1.645833
1.649306
1.652778
1.656250
1.659722
1.663194
1.666667
1.670139
1.673611
1.677083
1.680556
1.684028
1.687500
1.690972
1.694444
1.697917
1.701389
1.704861
1.708333
1.711806
1.715278
1.718750
1.722222
1.725694
1.729167
1.732639
1.736111
1.739583
1.743056
1.746528
1.750000
1.753472
1.756944
1.760417
1.763889
1.767361
1.770833
1.774306
1.777778
1.781250
1.784722
1.788194
1.791667
1.795139
1.798611
1.802083
1.805556
1.809028
1.812500
1.815972
1.819444
1.822917
1.826389
1.829861
1.833333
1.836806
1.840278
1.843750
1.847222
1.850694
1.854167
1.857639
1.861111
1.864583
1.868056
1.871528
1.875000
1.878472
1.881944
1.885417
1.888889
1.892361
1.895833
1.899306
1.902778
1.906250
1.909722
1.913194
1.916667
1.920139
1.923611
1.927083
1.930556
1.934028
1.937500
1.940972
1.944444
1.947917
1.951389
1.954861
1.958333
1.961806
1.965278
1.968750
1.972222
1.975694
1.979167
1.982639
1.986111
1.989583
1.993056
1.996528
2.000000
2.003472
2.006944
2.010417
2.013889
2.017361
2.020833
2.024306
2.027778
2.031250
2.034722
2.038194
2.041667
2.045139
2.048611
2.052083
2.055556
2.059028
2.062500
2.065972
2.069444
2.072917
2.076389
2.079861
2.083333
2.086806
2.090278
2.093750
2.097222
2.100694
2.104167
2.107639
2.111111
2.114583
2.118056
2.121528
2.125000
2.128472
2.131944
2.135417
2.138889
2.142361
2.145833
2.149306
2.152778
2.156250
2.159722
2.163194
2.166667
2.170139
2.173611
2.177083
2.180556
2.184028
2.187500
2.190972
2.194444
2.197917
2.201389
2.204861
2.208333
2.211806
2.215278
2.218750
2.222222
2.225694
2.229167
2.232639
2.236111
2.239583
2.243056
2.246528
2.250000
2.253472
2.256944
2.260417
2.263889
2.267361
2.270833
2.274306
2.277778
2.281250
2.284722
2.288194
2.291667
2.295139
2.298611
2.302083
2.305556
2.309028
2.312500
2.315972
2.319444
2.322917
2.326389
2.329861
2.333333
2.336806
2.340278
2.343750
2.347222
2.350694
2.354167
2.357639
2.361111
2.364583
2.368056
2.371528
2.375000
2.378472
2.381944
2.385417
2.388889
2.392361
2.395833
2.399306
2.402778
2.406250
2.409722
2.413194
2.416667
2.420139
2.423611
2.427083
2.430556
2.434028
2.437500
2.440972
2.444444
2.447917
2.451389
2.454861
2.458333
2.461806
2.465278
2.468750
2.472222
2.475694
2.479167
2.482639
2.486111
2.489583
2.493056
2.496528
2.500000
2.503472
2.506944
2.510417
2.513889
2.517361
2.520833
2.524306
2.527778
2.531250
2.534722
2.538194
2.541667
2.545139
2.548611
2.552083
2.555556
2.559028
2.562500
2.565972
2.569444
2.572917
2.576389
2.579861
2.583333
2.586806
2.590278
2.593750
2.597222
2.600694
2.604167
2.607639
2.611111
2.614583
2.618056
2.621528
2.625000
2.628472
2.631944
2.635417
2.638889
2.642361
2.645833
2.649306
2.652778
2.656250
2.659722
2.663194
2.666667
2.670139
2.673611
2.677083
2.680556
2.684028
2.687500
2.690972
2.694444
2.697917
2.701389
2.704861
2.708333
2.711806
2.715278
2.718750
2.722222
2.725694
2.729167
2.732639
2.736111
2.739583
2.743056
2.746528
2.750000
2.753472
2.756944
2.760417
2.763889
2.767361
2.770833
