0.000000
0.000000
0.000000
0.000000
0.000002
0.000003
0.000006
0.000009
0.000014
0.000021
0.000029
0.000039
0.000051
0.000066
0.000083
0.000103
0.000126
0.000153
0.000185
0.000221
0.000262
0.000309
0.000363
0.000423
0.000491
0.000567
0.000653
0.000748
0.000853
0.000969
0.001098
0.001239
0.001088
0.000906
0.000995
0.001091
0.001195
0.001306
0.001425
0.001551
0.001684
0.001826
0.001975
0.002137
0.002311
0.002492
0.002681
0.002878
0.003084
0.003300
0.003525
0.003760
0.004004
0.004259
0.004535
0.004835
0.005141
0.005451
0.005770
0.006098
0.006437
0.006786
0.007146
0.007517
0.007899
0.008292
0.008696
0.009112
0.009538
0.009976
0.010426
0.010886
0.011358
0.011841
0.012334
0.012839
0.013354
0.013880
0.014417
0.014963
0.015520
0.016086
0.016661
0.017245
0.017838
0.018438
0.019046
0.019662
0.020285
0.020914
0.021549
0.022190
0.022841
0.023535
0.024288
0.025654
0.027012
0.027766
0.028514
0.029207
0.029807
0.030358
0.030901
0.031434
0.031959
0.032474
0.032980
0.033477
0.033965
0.034443
0.034911
0.035369
0.035818
0.036256
0.036683
0.037100
0.037507
0.037902
0.038288
0.038662
0.039026
0.039379
0.039722
0.040054
0.040375
0.040686
0.040987
0.041277
0.041558
0.041828
0.042089
0.042341
0.042583
0.042816
0.043041
0.043256
0.043464
0.043663
0.043855
0.044039
0.044216
0.044386
0.044550
0.044707
0.044857
0.045002
0.045129
0.045250
0.045375
0.045493
0.045604
0.045708
0.045802
0.045887
0.045960
0.046019
0.046062
0.046087
0.046090
0.046071
0.046027
0.045956
0.045863
0.045743
0.045589
0.045410
0.045207
0.044984
0.044746
0.044497
0.044245
0.043994
0.043751
0.043520
0.043304
0.043101
0.042912
0.042733
0.042561
0.042394
0.042229
0.042064
0.041899
0.041732
0.041563
0.041394
0.041223
0.041053
0.040883
0.040715
0.040549
0.040386
0.040227
0.040073
0.039924
0.039781
0.039644
0.039539
0.039496
0.039478
0.039445
0.039405
0.039365
0.039326
0.039292
0.039264
0.039243
0.039230
0.039225
0.039230
0.039245
0.039271
0.039308
0.039357
0.039417
0.039490
0.039576
0.039674
0.040373
0.041092
0.041242
0.041408
0.041587
0.041781
0.041990
0.042214
0.042456
0.042714
0.042937
0.043172
0.043469
0.043778
0.044103
0.044449
0.044813
0.045196
0.045598
0.046019
0.046457
0.046919
0.047390
0.047877
0.048398
0.048935
0.049483
0.050029
0.050645
0.051232
0.051684
0.052072
0.052397
0.052663
0.052881
0.053076
0.053264
0.053408
0.053560
0.053764
0.053970
0.054312
0.054882
0.055475
0.055978
0.056440
0.056877
0.057311
0.057742
0.058188
0.058672
0.059222
0.059893
0.061513
0.063135
0.063877
0.064618
0.065351
0.066051
0.066800
0.067462
0.067917
0.068308
0.068687
0.069094
0.069624
0.070235
0.070827
0.071412
0.071981
0.072551
0.073141
0.073884
0.074862
0.075865
0.077771
0.079766
0.080588
0.081050
0.081429
0.081706
0.082098
0.082174
0.081902
0.081836
0.081839
0.081919
0.082073
0.083522
0.084968
0.085079
0.085228
0.085287
0.085522
0.086158
0.086817
0.087388
0.089210
0.090955
0.090953
0.091161
0.092143
0.093263
0.094511
0.096707
0.098578
0.098912
0.099283
0.100676
0.103485
0.105480
0.106097
0.107347
0.109845
0.112001
0.113021
0.115154
0.117404
0.118976
0.121070
0.124427
0.126263
0.127277
0.132011
0.135253
0.137038
0.142258
0.153817
0.157299
0.155893
0.162397
0.166249
0.176283
0.177955
0.178078
0.185423
0.190555
0.198240
0.203278
0.214571
0.214627
0.217483
0.227835
0.229631
0.239295
0.247229
0.258525
0.263694
0.270126
0.276119
0.278863
0.290507
0.300549
0.340724
0.318625
0.295925
0.329119
0.334580
0.336115
0.342182
0.352946
0.353811
0.358985
0.368833
0.372965
0.381737
0.380200
0.384879
0.395378
0.394344
0.441370
0.452051
0.496830
0.421084
0.366596
0.442007
0.419270
0.443167
0.450741
0.487972
0.472272
0.460763
0.510596
0.502143
0.515480
0.565573
0.625632
0.715584
0.773325
0.654360
0.762380
1.007165
0.997702
1.169091
1.738448
2.815020
2.540891
3.040176
5.638951
11.279944
31.081055
82.876912
227.645930
1376.120835
14499.618546
47903.207797
38063.805110
4732.830226
2334.353936
1259.596712
447.309848
615.794016
468.011714
209.200582
312.808703
253.355505
120.889789
124.562971
123.334287
130.466387
144.498529
173.248681
184.812460
122.389011
40.410130
8.618270
2.045285
0.602712
0.206984
0.089214
0.064455
0.064067
0.069629
0.075455
0.081198
0.085382
0.085686
0.094674
0.093810
0.091721
0.099717
0.103372
0.108954
0.113974
0.117100
0.129313
0.132106
0.132058
0.144344
0.152897
0.162271
0.172021
0.180586
0.190169
0.201981
0.213040
0.223734
0.235575
0.247239
0.259324
0.271795
0.284516
0.298574
0.313423
0.325003
0.338073
0.359409
0.374421
0.362367
0.378261
0.401930
0.464477
0.446929
0.464505
0.544033
0.532496
0.562242
0.567014
0.593411
0.654548
0.629249
0.567413
0.744034
0.863962
0.744726
0.667575
0.904038
0.997100
0.908218
0.912087
0.964174
1.023864
1.037345
1.076781
1.118750
1.119345
1.119005
1.169382
1.148084
1.314954
1.356981
1.267491
1.294398
1.354373
1.456600
1.409036
1.427870
1.520982
1.532870
1.586650
1.521230
1.567390
1.638598
1.658389
1.782981
1.790506
1.961195
1.948825
1.722573
2.049572
2.224905
2.044554
2.097100
2.130492
2.156435
2.276379
2.304979
2.177468
2.371190
2.422457
2.397502
2.777568
2.438275
2.646464
2.577933
2.109151
2.574804
2.643116
2.565670
2.608713
2.628227
2.716882
2.755522
2.716800
2.776021
2.805114
2.806278
2.796305
2.916104
2.870462
2.814570
2.917346
2.910940
2.917049
3.022686
3.085740
2.869995
2.824731
3.006940
3.114076
2.927742
2.783884
3.054999
3.147538
2.861145
2.793221
2.971799
3.062747
3.099881
2.907454
2.667573
2.683547
2.746859
2.759671
2.749518
2.742162
2.749873
2.735627
2.728838
2.728044
2.716913
2.715667
2.719164
2.710783
2.699051
2.697907
2.692323
2.677928
2.668746
2.658746
2.647663
2.613090
2.608761
2.594827
2.566095
2.560243
2.542907
2.535655
2.505227
2.148746
2.312964
2.570531
2.279963
2.228283
2.444990
2.511687
2.561682
2.251348
1.983440
2.362008
2.339421
2.425460
2.396939
2.279650
2.304746
2.308393
2.311334
2.248001
2.282091
2.261414
2.286664
2.299630
2.303579
2.302749
2.297074
2.293120
2.291794
2.313970
2.320553
2.308917
2.313684
2.331842
2.339858
2.329515
2.344418
2.354657
2.362350
2.381708
2.345991
2.368352
2.387777
2.383794
2.399957
2.410921
2.394402
2.402961
2.402089
2.417374
2.416991
2.418127
2.424523
2.387719
2.382815
2.365498
2.369101
2.356681
2.344134
2.333686
2.304399
2.218227
2.234558
2.300947
2.323857
2.342288
2.381055
2.426113
2.436711
2.426522
2.398267
2.348777
2.386160
2.841774
2.671842
2.456709
2.710480
2.058642
2.382231
2.430860
2.082688
2.341045
1.806605
1.629506
1.880179
2.049386
2.228568
2.228057
2.215706
2.250211
2.164497
2.188157
2.194297
2.168122
2.157392
2.166520
2.214229
2.245557
2.218988
2.233566
2.258208
2.270179
2.302081
2.327984
2.315657
2.321226
2.357612
2.364095
2.369255
2.397112
2.409744
2.418818
2.434382
2.445896
2.473770
2.483337
2.513478
2.535351
2.498929
2.513019
2.536473
2.547829
2.562807
2.572915
2.593318
2.608996
2.627996
2.645310
2.664151
2.701176
2.722774
2.735162
2.722793
2.745494
2.818988
2.828071
2.777627
2.796284
2.895419
2.934424
2.898875
2.854545
2.944994
3.061811
2.956184
2.865171
2.988555
3.139830
3.080691
2.916422
2.930036
3.131925
3.235886
3.075358
2.901532
2.838138
2.926067
3.115160
3.180830
3.056893
2.874049
2.761663
2.885891
3.149108
3.184809
3.155165
3.177363
3.078584
3.035830
2.998972
2.965065
2.928484
2.873568
2.854942
2.870758
3.497356
3.494394
2.915915
2.534181
2.977245
3.066430
2.898083
3.419113
2.460461
1.731433
2.013243
2.042619
2.033578
2.328249
2.595230
2.557847
2.567949
2.648930
2.733841
2.839660
2.802929
2.790505
2.893682
2.979995
3.067047
3.092394
3.025893
2.964348
2.939906
3.026337
3.120628
3.082002
3.023748
3.031327
3.041622
3.057798
3.115737
3.115042
2.995268
2.870736
2.956505
11.845041
20.655514
21.355815
21.697163
20.822056
19.912658
19.321402
19.117236
19.739092
20.744809
20.920130
20.360334
19.729968
19.012539
18.904121
20.094610
22.144546
26.792976
27.153359
22.563204
19.549550
18.063465
16.781780
16.219145
16.100568
14.708591
16.968196
17.732426
14.146551
12.670782
16.297948
18.466453
17.144155
