0.000000
0.000000
0.000000
0.000000
0.000002
0.000003
0.000006
0.000009
0.000014
0.000021
0.000029
0.000039
0.000051
0.000066
0.000083
0.000103
0.000126
0.000153
0.000185
0.000221
0.000262
0.000309
0.000363
0.000423
0.000491
0.000567
0.000653
0.000748
0.000853
0.000969
0.001098
0.001239
0.001061
0.000852
0.000939
0.001035
0.001139
0.001251
0.001370
0.001498
0.001634
0.001779
0.001932
0.002099
0.002279
0.002467
0.002663
0.002869
0.003085
0.003312
0.003550
0.003798
0.004056
0.004326
0.004618
0.004936
0.005264
0.005596
0.005938
0.006291
0.006655
0.007032
0.007421
0.007822
0.008236
0.008662
0.009101
0.009553
0.010017
0.010494
0.010983
0.011485
0.011999
0.012526
0.013064
0.013615
0.014177
0.014751
0.015336
0.015931
0.016537
0.017153
0.017779
0.018413
0.019057
0.019709
0.020932
0.022169
0.022856
0.023548
0.024256
0.025021
0.025849
0.026682
0.027493
0.028293
0.029087
0.029877
0.030664
0.031376
0.031986
0.032565
0.033134
0.033695
0.034246
0.034787
0.035319
0.035842
0.036354
0.036857
0.037349
0.037831
0.038302
0.038763
0.039213
0.039652
0.040081
0.040498
0.040905
0.041301
0.041687
0.042062
0.042426
0.042780
0.043124
0.043458
0.043782
0.044096
0.044401
0.044696
0.044983
0.045260
0.045530
0.045790
0.046043
0.046288
0.046525
0.046744
0.046954
0.047166
0.047370
0.047565
0.047750
0.047924
0.048086
0.048234
0.048365
0.048478
0.048570
0.048639
0.048682
0.048698
0.048694
0.048662
0.048595
0.048502
0.048386
0.048249
0.048093
0.047921
0.047736
0.047543
0.047343
0.047140
0.046935
0.046731
0.046527
0.046325
0.046123
0.045923
0.045723
0.045523
0.045322
0.045121
0.044920
0.044718
0.044517
0.044316
0.044117
0.043929
0.043804
0.043749
0.043688
0.043597
0.043489
0.043372
0.043250
0.043126
0.043002
0.042880
0.042761
0.042646
0.042536
0.042432
0.042335
0.042245
0.042163
0.042088
0.042023
0.041966
0.041919
0.041882
0.041855
0.041838
0.041832
0.041837
0.041854
0.041882
0.041921
0.041973
0.042627
0.043300
0.043400
0.043513
0.043639
0.043779
0.043932
0.044100
0.044282
0.044478
0.044689
0.044916
0.045161
0.045422
0.045690
0.045973
0.046279
0.046601
0.046941
0.047235
0.047607
0.048062
0.048479
0.048853
0.049226
0.049678
0.050163
0.050663
0.051171
0.051760
0.052333
0.052788
0.053189
0.053526
0.053805
0.054028
0.054205
0.054361
0.054511
0.054664
0.054778
0.054900
0.055072
0.055335
0.055792
0.056342
0.056840
0.057268
0.057661
0.058045
0.058435
0.058840
0.059251
0.059697
0.060267
0.060943
0.062506
0.064065
0.064756
0.065456
0.066159
0.066850
0.067617
0.068294
0.068762
0.069172
0.069521
0.069899
0.070345
0.070878
0.071458
0.072009
0.072552
0.073082
0.073615
0.074224
0.075043
0.076013
0.076936
0.078787
0.080776
0.081622
0.082094
0.082460
0.082665
0.083007
0.083622
0.083883
0.083760
0.083642
0.083596
0.083635
0.083811
0.085427
0.086867
0.086780
0.086838
0.086859
0.087055
0.087632
0.088233
0.088760
0.090550
0.092256
0.092209
0.092797
0.093770
0.094476
0.095739
0.097921
0.099724
0.100016
0.100369
0.101796
0.104580
0.106982
0.107634
0.108014
0.110425
0.112894
0.114024
0.115011
0.117028
0.119776
0.120996
0.122667
0.126388
0.128591
0.129770
0.132559
0.137548
0.142121
0.145819
0.151346
0.156222
0.160677
0.167356
0.170407
0.174821
0.181809
0.185001
0.191457
0.201127
0.202571
0.206847
0.214772
0.226393
0.235912
0.238410
0.245458
0.253285
0.259059
0.262626
0.270507
0.278976
0.287290
0.297676
0.310214
0.337347
0.336105
0.315756
0.328442
0.345048
0.344185
0.347781
0.361591
0.362727
0.368570
0.383676
0.383295
0.399062
0.399351
0.392558
0.401878
0.405526
0.416698
0.429175
0.423620
0.421632
0.440093
0.441988
0.463562
0.475470
0.488307
0.470902
0.477211
0.499099
0.494489
0.524141
0.544314
0.570756
0.603703
0.647435
0.703527
0.823433
0.828975
0.915959
1.275851
1.417673
1.841131
2.520114
3.832469
5.214710
10.911964
33.724298
99.262068
318.751137
1126.890647
2022.625969
2446.057898
1917.485805
1342.239778
1143.693764
848.089131
765.477970
597.066804
537.961827
397.958120
244.803216
230.529700
203.548418
172.251809
150.670055
133.187435
119.546473
108.998940
100.923763
94.512881
86.489747
86.865389
85.165686
70.156119
72.629738
66.461199
56.120316
45.808070
19.803454
6.752853
2.302235
0.731755
0.351951
0.184943
0.193185
0.215827
0.263578
0.254324
0.250248
0.288441
0.299230
0.273865
0.369070
0.396953
0.397113
0.434199
0.505824
0.486198
0.392735
0.528592
0.644455
0.699197
0.712755
0.734837
0.781331
0.831252
0.873426
0.959506
0.991019
1.040990
1.067322
1.111952
1.246968
1.284989
1.352212
1.412766
1.497537
1.438197
1.326919
1.560572
1.746565
1.716728
1.718843
1.928010
2.044332
2.130491
2.249168
2.068245
2.136943
2.464259
2.379832
2.154015
2.472258
2.305883
2.461784
3.031520
2.981659
2.805755
2.630398
3.007084
3.191062
3.046119
3.158830
3.231199
3.302601
3.379600
3.444246
3.503401
3.525000
3.636415
3.863776
3.795542
3.578500
3.881115
3.983399
3.919609
4.252378
4.112863
3.905785
4.151546
4.351902
4.352931
4.357891
4.547789
4.533161
4.644100
6.031916
5.150693
3.806795
4.726062
4.905110
5.219185
5.270277
5.247491
5.441149
5.934682
5.753641
5.092107
8.505301
7.026034
3.651939
5.510200
5.274131
7.359868
6.485399
3.942878
7.922302
7.027219
4.571812
6.300719
5.435310
5.002188
6.507538
6.997785
6.364110
5.757809
5.939323
6.394561
6.485292
6.503785
6.542242
6.568765
6.604057
6.628252
6.625006
6.606091
6.619525
6.640151
6.641051
6.657522
6.674299
6.676957
6.706139
6.717889
6.697835
6.706543
6.725929
6.782642
6.775941
6.694101
6.606002
6.462575
6.316076
5.458153
5.843285
5.869749
5.951944
6.981862
5.845018
4.886114
4.869663
4.894872
4.929154
4.971701
5.003010
5.025153
6.163146
8.289428
7.966081
5.588029
4.501556
4.492544
4.579772
4.697291
4.784992
4.851351
4.916274
4.955540
4.996122
5.032713
5.056751
5.109883
5.170932
5.202329
5.211626
5.248651
5.301524
5.319521
5.352671
5.394721
5.401459
5.366685
5.321774
5.301273
5.273358
5.224938
5.169941
5.163169
5.108754
5.045285
4.979790
4.922323
4.880755
4.692032
4.559551
3.725085
3.529607
3.857399
3.818801
3.956775
4.072280
4.082648
3.974771
4.027836
4.198095
4.175240
4.307452
4.332682
4.065107
3.980796
4.097735
4.092493
4.306220
4.043969
3.772119
3.948171
3.771843
3.860241
3.794956
3.357588
2.943570
3.031528
3.183959
3.307136
3.729107
3.692311
3.547297
3.567182
3.726935
3.769186
3.648047
4.541122
4.348577
3.940639
3.801045
3.424174
4.041122
4.533605
4.750287
4.896469
4.981760
3.892315
3.655679
4.305186
3.467683
3.846271
4.067860
4.158085
4.168187
3.061178
2.831101
2.965535
3.049394
3.190566
3.289339
3.372617
3.500304
3.515455
3.536493
3.562589
3.536141
3.609332
3.711784
3.666785
3.642779
3.712191
3.729255
3.792366
3.808300
3.874098
3.659860
3.404022
3.477060
3.505277
3.554111
3.612088
3.660730
3.749654
3.831182
3.901351
3.981890
4.006078
4.055879
4.166144
4.263521
4.302914
4.327850
4.378938
4.448480
4.487376
4.508299
4.576509
4.648537
4.589461
4.566835
4.546216
4.530176
4.596514
4.582052
4.566471
4.556027
4.592603
4.611778
4.591465
4.586901
4.581291
4.581072
4.583056
4.673199
4.663255
4.661456
4.697551
4.677644
4.682159
4.719373
4.774576
4.758459
4.749038
4.725117
4.697175
4.668953
4.649202
4.630141
4.614082
4.599839
4.586720
4.575804
4.563107
4.593736
4.554583
4.551425
4.540471
4.585952
4.536582
4.512832
4.510933
4.469992
4.544144
4.523709
4.526374
4.514699
4.507471
4.461948
4.449322
4.470028
4.422062
4.417364
4.438681
4.395923
4.364579
4.378079
4.388838
4.403316
4.411842
4.417138
4.425282
4.429429
4.433042
4.436294
4.438444
4.479069
4.542201
4.544360
4.538056
4.544012
4.529669
4.485530
4.487706
4.587504
4.520260
4.368761
4.501016
4.510931
4.437850
4.409695
4.426138
4.403417
4.357828
4.347732
4.523689
4.668289
4.615371
4.581844
4.505539
17.947110
32.261984
31.769721
31.304872
30.676818
31.887870
34.762773
40.101440
38.514449
26.884343
30.583579
32.008954
29.332508
29.151069
33.208138
34.823093
25.478813
24.479979
26.783322
28.624288
29.751579
30.534185
31.230978
31.227460
26.565914
25.454812
26.665059
25.507431
22.807756
19.846599
21.403418
29.376984
36.514555
