0.000000
0.000000
0.000000
0.000000
0.000002
0.000003
0.000006
0.000009
0.000014
0.000021
0.000029
0.000039
0.000051
0.000066
0.000083
0.000103
0.000126
0.000153
0.000185
0.000221
0.000262
0.000309
0.000363
0.000423
0.000491
0.000567
0.000653
0.000748
0.000853
0.000969
0.001098
0.001239
0.001393
0.001561
0.001744
0.001943
0.002158
0.002391
0.002639
0.002904
0.003187
0.003487
0.003807
0.004153
0.004519
0.004900
0.005297
0.005712
0.006144
0.006593
0.007058
0.007540
0.008054
0.008613
0.009187
0.009613
0.009935
0.010290
0.010631
0.010956
0.011265
0.011559
0.011838
0.012105
0.012358
0.012634
0.012954
0.013259
0.013519
0.013757
0.013981
0.014193
0.014395
0.014588
0.014773
0.014951
0.015122
0.015288
0.015448
0.015603
0.015754
0.015901
0.016044
0.016182
0.016318
0.016468
0.016648
0.016836
0.017008
0.017166
0.017313
0.017452
0.017584
0.017710
0.017830
0.017943
0.018048
0.018143
0.018227
0.018303
0.018396
0.018514
0.018643
0.018773
0.018902
0.019032
0.019161
0.019289
0.019415
0.019538
0.019655
0.019764
0.019857
0.019923
0.019952
0.019988
0.020092
0.020236
0.020376
0.020507
0.020626
0.020720
0.020764
0.020801
0.020914
0.021077
0.021238
0.021333
0.021356
0.021356
0.021317
0.021277
0.021305
0.021377
0.021446
0.021514
0.021579
0.021642
0.021703
0.021762
0.021819
0.021875
0.021931
0.021987
0.022045
0.022104
0.022166
0.022231
0.022298
0.022368
0.022438
0.022509
0.022579
0.022649
0.022716
0.022780
0.022842
0.022900
0.022955
0.023006
0.023054
0.023097
0.023137
0.023173
0.023206
0.023235
0.023260
0.023282
0.023301
0.023316
0.023328
0.023337
0.023344
0.023347
0.023348
0.023346
0.023342
0.023358
0.023412
0.023469
0.023507
0.023533
0.023549
0.023559
0.023563
0.023562
0.023557
0.023549
0.023538
0.023524
0.023508
0.023490
0.023470
0.023448
0.023425
0.023401
0.023375
0.023349
0.023322
0.023295
0.023267
0.023239
0.023211
0.023182
0.023154
0.023126
0.023098
0.023071
0.023045
0.023019
0.022994
0.022971
0.022948
0.022927
0.022907
0.022888
0.022871
0.022856
0.022843
0.022832
0.022823
0.022816
0.022812
0.022810
0.022811
0.022815
0.023190
0.023570
0.023588
0.023609
0.023635
0.023664
0.023697
0.023734
0.023775
0.023821
0.023872
0.023927
0.023987
0.024052
0.024123
0.024199
0.024280
0.024367
0.024460
0.024560
0.024665
0.024777
0.024896
0.025022
0.025155
0.025295
0.025443
0.025598
0.025761
0.025931
0.026109
0.026295
0.026487
0.026685
0.026889
0.027097
0.027306
0.027516
0.027721
0.027921
0.028111
0.028289
0.028452
0.028599
0.028740
0.028877
0.029003
0.029119
0.029230
0.029342
0.029456
0.029574
0.029698
0.029825
0.029955
0.030087
0.030221
0.030356
0.030493
0.030633
0.030775
0.030922
0.031074
0.031286
0.031619
0.031989
0.032308
0.032592
0.032862
0.033130
0.033399
0.033673
0.033954
0.034298
0.034758
0.035244
0.035686
0.036109
0.036527
0.036946
0.037371
0.037803
0.038892
0.039999
0.040431
0.040872
0.041367
0.041875
0.042397
0.042933
0.043484
0.044048
0.044626
0.045224
0.045839
0.046472
0.047123
0.047794
0.048467
0.049160
0.049889
0.050637
0.051403
0.052181
0.052960
0.053823
0.054662
0.055362
0.055999
0.056567
0.057075
0.057531
0.057942
0.058332
0.058713
0.059043
0.059372
0.059875
0.060599
0.061348
0.062009
0.062626
0.063204
0.063763
0.064318
0.064877
0.065448
0.066141
0.066957
0.067759
0.068524
0.069271
0.070923
0.072599
0.073397
0.074212
0.075041
0.075880
0.076714
0.077663
0.078546
0.079230
0.079883
0.080488
0.081028
0.081519
0.082117
0.082802
0.083531
0.084302
0.085012
0.085676
0.086278
0.086854
0.087446
0.088216
0.089205
0.090150
0.090980
0.091776
0.092550
0.093330
0.095164
0.097013
0.098094
0.099073
0.099682
0.100296
0.100911
0.101492
0.102024
0.102637
0.103474
0.104287
0.105008
0.105773
0.106506
0.107180
0.107816
0.108434
0.109235
0.110207
0.111087
0.111866
0.112602
0.113321
0.114022
0.115733
0.117866
0.118989
0.119741
0.120472
0.121099
0.121643
0.122141
0.122446
0.123117
0.124215
0.125146
0.126009
0.126794
0.127482
0.128079
0.128636
0.129200
0.129771
0.130363
0.131005
0.131678
0.132387
0.133164
0.134330
0.136706
0.138715
0.139477
0.140174
0.140781
0.141304
0.141796
0.142294
0.142801
0.143343
0.143690
0.144441
0.145658
0.146575
0.147313
0.147937
0.148443
0.148874
0.149260
0.149608
0.149951
0.150283
0.150634
0.151050
0.151504
0.152000
0.152540
0.153574
0.154129
0.154731
0.155438
0.157310
0.159549
0.160072
0.160543
0.160967
0.161369
0.161806
0.162302
0.162861
0.163510
0.164189
0.164627
0.165016
0.165505
0.165882
0.166571
0.167418
0.168015
0.168435
0.168665
0.168767
0.168780
0.168732
0.168644
0.168530
0.168404
0.168274
0.168197
0.168131
0.168028
0.167937
0.167860
0.167797
0.167751
0.167721
0.167709
0.167712
0.167732
0.167766
0.167814
0.167875
0.167948
0.168030
0.168122
0.168222
0.168328
0.168440
0.168557
0.168677
0.168800
0.168925
0.169051
0.169175
0.169453
0.169711
0.169821
0.170020
0.170298
0.170596
0.170893
0.171189
0.171485
0.171778
0.173045
0.174309
0.174591
0.174864
0.175126
0.175374
0.175605
0.175812
0.175992
0.176172
0.176307
0.176363
0.176375
0.176343
0.176267
0.176356
0.176240
0.176063
0.176097
0.175973
0.175806
0.175651
0.175492
0.175308
0.175101
0.174911
0.174751
0.174580
0.174389
0.174168
0.173913
0.173616
0.173400
0.173083
0.172611
0.172157
0.171648
0.171089
0.170482
0.169832
0.169143
0.168418
0.167714
0.167124
0.166567
0.165925
0.165215
0.164458
0.163665
0.162845
0.162004
0.161145
0.160274
0.159394
0.158508
0.157618
0.156725
0.155833
0.154941
0.154052
0.153167
0.152285
0.151409
0.150538
0.149674
0.148816
0.147964
0.147120
0.146283
0.145454
0.144632
0.143817
0.143010
0.142211
0.141438
0.140672
0.139897
0.139130
0.138370
0.137617
0.136872
0.136134
0.135403
0.134679
0.133963
0.133254
0.132552
0.131857
0.131169
0.130488
0.129815
0.129148
0.128487
0.127834
0.127187
0.126547
0.125913
0.125285
0.124663
0.124048
0.123439
0.122836
0.122238
0.121646
0.121060
0.120480
0.119905
0.119336
0.118772
0.118213
0.117659
0.117111
0.116568
0.116029
0.115496
0.114968
0.114444
0.113925
0.113411
0.112902
0.112397
0.111896
0.111400
0.110909
0.110422
0.109939
0.109460
0.108986
0.108516
0.108050
0.107588
0.107130
0.106676
0.106226
0.105780
0.105337
0.104899
0.104464
0.104033
0.103607
0.103222
0.102878
0.102535
0.102186
0.101833
0.101479
0.101124
0.100769
0.100414
0.100060
0.099707
0.099355
0.099005
0.098655
0.098308
0.097962
0.097618
0.097276
0.096935
0.096597
0.096261
0.095927
0.095594
0.095264
0.094936
0.094610
0.094286
0.093964
0.093643
0.093325
0.093009
0.092695
0.092382
0.092072
0.091763
0.091456
0.091150
0.090847
0.090545
0.090245
0.089946
0.089649
0.089353
0.089058
0.088766
0.088474
0.088184
0.087895
0.087608
0.087321
0.087036
0.086752
0.086469
0.086187
0.085906
0.085626
0.085347
0.085069
0.084792
0.084516
0.084240
0.083965
0.083691
0.083418
0.083145
0.082872
0.082397
0.081724
0.081068
0.080429
0.079806
0.079200
0.078610
0.078036
0.077477
0.076933
0.076403
0.075887
0.075385
0.074895
0.074418
0.073953
0.073500
0.073058
0.072627
0.072207
0.071796
0.071396
0.071006
0.070624
0.070252
0.069889
0.069535
0.069190
0.068853
0.068525
0.068208
0.067910
0.067635
0.067380
0.067141
0.066910
0.066686
0.066470
0.066262
0.066062
0.065868
0.065682
0.065503
0.065331
0.065165
0.065006
0.064854
0.064708
0.064568
0.064434
0.064306
0.064185
0.064068
0.063958
0.063853
0.063754
0.063660
0.063571
0.063488
0.063409
0.063336
0.063267
0.063203
0.063144
0.063090
0.063040
0.062994
0.062953
0.062916
0.062884
0.062855
0.166838
0.268473
0.263590
0.258446
0.253144
0.247761
0.242353
0.236960
0.231612
0.226333
0.221140
0.216045
0.211057
0.206184
0.201429
0.196863
0.192573
0.188465
0.184413
0.180423
0.176510
0.172681
0.168941
0.165292
0.161734
0.158267
0.154889
0.151600
0.148396
0.145275
0.142234
0.139270
0.136380
0.133561
0.130808
0.128118
0.125487
0.122934
0.120501
0.118235
0.115987
0.113804
0.111783
0.109803
0.107834
0.105876
0.103954
0.102058
0.100174
0.098265
0.096328
0.094443
0.092838
0.091377
0.089819
0.089033
