0.000000
0.000000
0.000000
0.000000
0.000002
0.000003
0.000006
0.000009
0.000014
0.000021
0.000029
0.000039
0.000051
0.000066
0.000083
0.000103
0.000126
0.000153
0.000185
0.000221
0.000262
0.000309
0.000363
0.000423
0.000491
0.000567
0.000653
0.000748
0.000853
0.000969
0.001098
0.001239
0.001393
0.001561
0.001744
0.001943
0.001792
0.001600
0.001726
0.001859
0.001996
0.002140
0.002289
0.002449
0.002616
0.002787
0.002962
0.003142
0.003328
0.003520
0.003717
0.003919
0.004127
0.004353
0.004599
0.004846
0.005091
0.005340
0.005594
0.005854
0.006119
0.006391
0.006668
0.006951
0.007240
0.007536
0.007838
0.008146
0.008461
0.008783
0.009111
0.009445
0.009787
0.010136
0.010491
0.010854
0.011224
0.011601
0.011986
0.012377
0.012776
0.013182
0.013595
0.014016
0.014443
0.014878
0.015320
0.015769
0.016224
0.016686
0.017155
0.017630
0.018112
0.018600
0.019092
0.019590
0.020094
0.020604
0.021118
0.021637
0.022160
0.022688
0.023219
0.023716
0.024144
0.024538
0.024928
0.025314
0.025711
0.026144
0.026599
0.027042
0.027470
0.027885
0.028289
0.028682
0.029066
0.029440
0.029804
0.030160
0.030506
0.030843
0.031171
0.031489
0.031799
0.032099
0.032951
0.033793
0.034065
0.034328
0.034582
0.034826
0.035061
0.035287
0.035505
0.035713
0.035912
0.036103
0.036285
0.036458
0.036624
0.036781
0.036930
0.037070
0.037204
0.037329
0.037447
0.037558
0.037662
0.037759
0.037849
0.037933
0.038010
0.038081
0.038146
0.038206
0.038260
0.038308
0.038351
0.038389
0.038422
0.038450
0.038473
0.038491
0.038505
0.038514
0.038518
0.038517
0.038510
0.038498
0.038479
0.038454
0.038420
0.038377
0.038323
0.038257
0.038167
0.038091
0.038071
0.038085
0.038106
0.038124
0.038137
0.038143
0.038141
0.038129
0.038104
0.038064
0.038013
0.037945
0.037854
0.037745
0.037620
0.037479
0.037324
0.037158
0.036982
0.036801
0.036616
0.036431
0.036249
0.036072
0.035902
0.035741
0.035587
0.035442
0.035304
0.035173
0.035047
0.034925
0.034809
0.034696
0.034589
0.034486
0.034389
0.034297
0.034245
0.034281
0.034367
0.034430
0.034466
0.034491
0.034513
0.034535
0.034562
0.034595
0.034636
0.034685
0.034744
0.034813
0.034893
0.034984
0.035087
0.035212
0.035397
0.035640
0.035893
0.036139
0.036387
0.036642
0.037512
0.038403
0.038706
0.038978
0.039260
0.039595
0.039945
0.040310
0.040691
0.041089
0.041501
0.041930
0.042380
0.042848
0.043336
0.043845
0.044374
0.044910
0.045467
0.046058
0.046669
0.047296
0.047934
0.048569
0.049263
0.049916
0.050428
0.050875
0.051252
0.051569
0.051851
0.052068
0.052284
0.052550
0.052818
0.053095
0.053559
0.054234
0.054898
0.055482
0.056012
0.056527
0.057031
0.057547
0.058098
0.058708
0.059443
0.061149
0.062858
0.063673
0.064475
0.065253
0.065975
0.066719
0.067371
0.067822
0.068239
0.068667
0.069209
0.069859
0.070510
0.071161
0.071795
0.072426
0.073063
0.073788
0.074725
0.075780
0.077758
0.079803
0.080675
0.081171
0.081594
0.081927
0.082069
0.082068
0.082062
0.082116
0.082230
0.082415
0.082662
0.084188
0.085636
0.085717
0.085889
0.086052
0.086440
0.087201
0.087960
0.088609
0.090510
0.092331
0.092387
0.092559
0.093407
0.094633
0.095721
0.097986
0.100255
0.100673
0.101102
0.101974
0.104623
0.107483
0.108281
0.108860
0.111294
0.113827
0.114794
0.115869
0.117958
0.120073
0.121639
0.122277
0.123874
0.126743
0.128807
0.135403
0.138111
0.135265
0.137972
0.143171
0.147418
0.152577
0.156159
0.161474
0.172946
0.172762
0.172537
0.186143
0.187445
0.186398
0.194996
0.201697
0.205711
0.212993
0.216395
0.234832
0.235360
0.227977
0.243825
0.248067
0.255456
0.256597
0.264132
0.277329
0.280883
0.284739
0.287501
0.300034
0.307255
0.313831
0.318261
0.338640
0.376741
0.331832
0.317337
0.367469
0.397428
0.359683
0.338923
0.386056
0.401103
0.395382
0.392641
0.473047
0.477568
0.375143
0.369927
0.405505
0.425342
0.423870
0.406619
0.424288
0.447152
0.444623
0.440059
0.470011
0.451503
0.435797
0.462634
0.484468
0.525965
0.459459
0.442866
0.498500
0.494949
0.498234
0.573111
0.611583
0.527963
0.439498
0.463932
0.516767
0.510657
0.586003
0.606341
0.583446
0.549391
0.644518
0.612340
0.428805
0.475557
0.545512
0.635092
0.694382
0.590757
0.525299
0.588427
0.699766
0.612271
0.521367
0.570066
0.506111
0.536576
0.589703
0.584285
0.589836
0.586664
0.600095
0.603690
0.602358
0.607163
0.612151
0.617111
0.618580
0.623688
0.627925
0.632942
0.638729
0.645613
0.648935
0.650351
0.652405
0.656228
0.658766
0.653771
0.662906
0.677791
0.750835
0.766967
0.681848
0.686520
0.686171
0.721242
0.702341
0.695136
0.801819
0.711573
0.677076
0.706622
0.680951
0.750213
0.774567
0.686162
0.671443
0.703043
0.728614
0.744527
0.718332
0.695837
0.699658
0.761910
0.717169
0.645352
0.733764
0.821574
0.739546
0.746868
0.728793
0.619138
0.797142
0.845476
0.730354
0.813065
0.726594
0.739482
0.828046
0.818589
0.826098
0.790461
0.824097
0.835253
0.842861
0.849483
0.843618
0.843040
0.883440
0.875651
0.844920
0.880977
0.892608
0.845680
0.896273
0.938287
0.780327
0.823687
0.888185
0.895429
0.865788
0.998495
0.925239
0.863293
0.934881
0.940890
0.894371
0.814637
0.902055
0.881464
0.964429
0.971766
0.967160
0.966693
0.961865
0.963454
0.976105
0.987556
0.981627
0.975272
0.975773
0.950534
0.892455
0.900313
0.951932
0.963230
0.974738
0.958513
0.957805
0.956957
0.947770
0.943950
0.952725
0.944680
0.985037
1.017617
0.941811
0.852391
0.832718
0.880579
0.888346
0.887146
0.885548
0.888896
0.881693
0.969102
0.941307
0.810550
0.826517
0.857031
0.863085
0.862732
0.861206
0.856548
0.858076
0.857839
0.857032
0.854533
0.851579
0.849679
0.847425
0.840560
0.838693
0.838379
0.837101
0.835493
0.830589
0.828098
0.826617
0.824152
0.820733
0.820959
0.818612
0.810040
0.805794
0.804082
0.803324
0.798386
0.792738
0.794058
0.790528
0.789253
0.785207
0.776475
0.773911
0.772072
0.768591
0.767043
0.762785
0.758796
0.733910
0.716144
0.779696
0.790429
0.744834
0.740177
0.696290
0.688877
0.730832
0.731744
0.705022
0.702064
0.700401
0.689139
0.725242
0.733574
0.721679
0.745934
0.769585
0.767875
0.756212
0.781857
0.796533
0.820123
0.793297
0.739806
0.761971
0.794239
0.814979
0.832734
0.857664
0.833771
0.842292
0.825854
0.763086
0.792045
0.907712
0.923867
0.918156
0.908156
0.857987
0.809838
0.793109
0.854240
0.911050
0.917336
0.992849
1.004911
0.880857
0.895980
0.878237
0.885217
1.087601
1.116475
0.921274
0.932687
0.986736
0.915566
0.908256
0.976816
1.025755
1.019953
1.067920
1.041880
0.950954
0.993425
1.121874
1.034171
0.927058
1.108306
1.155333
1.156341
1.154403
1.085787
1.091769
1.083791
1.077661
1.061682
0.980290
0.965584
1.007318
1.131180
1.152405
1.054256
1.065605
1.087569
1.108372
1.135750
1.093814
1.046907
1.168502
1.144529
1.072315
1.113307
1.106552
1.100734
1.119375
1.120650
1.103083
1.190647
1.218982
1.145280
1.108303
1.154937
1.118035
1.073512
1.178261
1.234003
1.176620
1.153273
1.139868
1.192595
1.267244
1.182854
1.146536
1.176796
1.107895
1.148216
1.232843
1.243501
1.142636
1.081378
1.249483
1.256873
1.203306
1.231929
1.225914
1.140394
1.203683
1.294648
1.328694
1.274865
1.261305
1.327862
1.317153
1.277951
1.183677
1.176265
1.199934
1.224200
1.131883
1.109099
1.160637
1.192137
1.182460
1.106008
1.209737
1.337777
1.271257
1.173597
1.062853
1.038030
1.140970
1.089365
1.051567
1.184472
1.276019
1.216487
1.083070
1.072219
1.132432
1.227707
1.274195
1.214443
1.152309
1.030707
1.038974
1.248430
1.236893
1.190556
1.180950
1.009901
1.046341
1.189937
1.190158
1.330394
1.426296
1.265875
1.112478
1.132657
1.105641
1.007278
1.016610
1.145321
1.409996
1.259064
1.093653
1.143350
0.981914
1.172879
1.199710
1.149586
1.291175
1.292595
1.295241
1.134698
1.174307
1.162856
1.043589
5.044528
7.765528
7.593609
7.784739
6.759344
6.765908
7.107153
6.910186
6.774434
6.946644
6.704573
6.916679
7.030498
6.725247
6.766962
6.791455
6.759008
6.793623
6.673956
5.971108
6.512538
7.511333
6.252792
6.091216
7.227925
6.308324
6.384961
6.577120
6.573128
6.938114
6.157260
6.892267
7.373326
6.582073
6.560914
6.593684
6.274720
