0.000000
0.000000
0.000000
0.000000
0.000002
0.000003
0.000006
0.000009
0.000014
0.000021
0.000029
0.000039
0.000051
0.000066
0.000083
0.000103
0.000126
0.000153
0.000185
0.000221
0.000262
0.000309
0.000363
0.000423
0.000491
0.000567
0.000653
0.000748
0.000853
0.000969
0.001098
0.001239
0.001393
0.001155
0.000881
0.000975
0.001078
0.001190
0.001309
0.001438
0.001576
0.001723
0.001880
0.002051
0.002235
0.002428
0.002630
0.002844
0.003068
0.003304
0.003552
0.003811
0.004082
0.004369
0.004680
0.005014
0.005357
0.005706
0.006068
0.006442
0.006829
0.007230
0.007644
0.008072
0.008514
0.008970
0.009439
0.009923
0.010421
0.010933
0.011458
0.011998
0.012551
0.013118
0.013698
0.014291
0.015409
0.016549
0.017195
0.017851
0.018520
0.019200
0.019889
0.020588
0.021296
0.022013
0.022738
0.023470
0.024209
0.024964
0.025781
0.026667
0.027557
0.028422
0.029276
0.030124
0.030968
0.031810
0.032650
0.033489
0.034309
0.035018
0.035629
0.036231
0.036823
0.037406
0.037980
0.038543
0.039096
0.039639
0.040172
0.040695
0.041207
0.041709
0.042200
0.042681
0.043151
0.043611
0.044061
0.044500
0.044929
0.045348
0.045758
0.046157
0.046547
0.046928
0.047299
0.047651
0.047993
0.048334
0.048666
0.048987
0.049296
0.049594
0.049877
0.050145
0.050396
0.050626
0.050833
0.051015
0.051170
0.051295
0.051389
0.051459
0.051498
0.051500
0.051475
0.051425
0.051352
0.051258
0.051148
0.051022
0.050884
0.050736
0.050580
0.050417
0.050248
0.050075
0.049897
0.049715
0.049530
0.049342
0.049154
0.049038
0.049019
0.048997
0.048927
0.048829
0.048710
0.048577
0.048434
0.048284
0.048128
0.047969
0.047809
0.047647
0.047487
0.047327
0.047170
0.047016
0.046866
0.046720
0.046579
0.046443
0.046313
0.046189
0.046072
0.045961
0.045858
0.045762
0.045674
0.045594
0.045522
0.045459
0.045405
0.045360
0.045324
0.045298
0.045281
0.045275
0.045278
0.045891
0.046519
0.046563
0.046619
0.046686
0.046765
0.046855
0.046958
0.047074
0.047201
0.047342
0.047496
0.047663
0.047844
0.048040
0.048249
0.048466
0.048697
0.048950
0.049219
0.049504
0.049806
0.050126
0.050464
0.050821
0.051197
0.051593
0.052008
0.052355
0.052715
0.053166
0.053715
0.054268
0.054717
0.055132
0.055499
0.055806
0.056049
0.056243
0.056394
0.056511
0.056617
0.056723
0.056833
0.056951
0.057028
0.057111
0.057383
0.057883
0.058377
0.058765
0.059118
0.059444
0.059763
0.060088
0.060426
0.060783
0.061206
0.061738
0.062328
0.062913
0.063489
0.064975
0.066490
0.067129
0.067785
0.068460
0.069124
0.069862
0.070501
0.070933
0.071309
0.071627
0.072003
0.072500
0.072988
0.073480
0.073994
0.074474
0.074954
0.075430
0.075978
0.076741
0.077670
0.078545
0.079339
0.081142
0.083122
0.083979
0.084473
0.084842
0.085178
0.085615
0.085998
0.086425
0.087042
0.087665
0.087895
0.087747
0.087818
0.088414
0.089958
0.090960
0.090755
0.090585
0.090668
0.090723
0.090886
0.091385
0.091899
0.092354
0.094111
0.095780
0.096023
0.096469
0.097068
0.097894
0.098796
0.100966
0.103051
0.103687
0.103935
0.104324
0.106000
0.108838
0.111053
0.111639
0.112054
0.114469
0.117423
0.118574
0.119328
0.120556
0.121754
0.124581
0.125994
0.126804
0.129417
0.132533
0.136045
0.137176
0.139442
0.143449
0.148089
0.152199
0.160011
0.164570
0.167751
0.176638
0.183683
0.186483
0.190211
0.198385
0.210536
0.212841
0.214705
0.228918
0.231743
0.235403
0.247737
0.254782
0.264237
0.276056
0.287148
0.297597
0.293235
0.307280
0.353662
0.334516
0.305391
0.331200
0.363961
0.377296
0.358743
0.356924
0.372112
0.386163
0.405867
0.406551
0.396340
0.412462
0.420585
0.433256
0.439426
0.433204
0.458315
0.457200
0.464811
0.483608
0.484169
0.493439
0.502612
0.497720
0.494896
0.509106
0.524685
0.540405
0.540423
0.525440
0.536626
0.572670
0.576738
0.568017
0.562647
0.586269
0.626698
0.658048
0.617228
0.574179
0.659012
0.673547
0.645425
0.653880
0.682904
0.756957
0.673093
0.727903
0.770434
0.742597
0.776473
0.790985
0.891165
0.830838
0.852387
0.807705
0.792463
0.984127
0.884449
0.862058
1.008981
1.082776
1.119188
1.073685
1.066142
1.092337
1.106978
1.080175
1.106938
1.178507
1.117576
1.140051
1.236561
1.119453
1.052832
0.983889
1.158481
1.346697
1.296024
1.346224
1.279973
1.283187
1.310572
1.377934
1.513072
1.425989
1.499859
1.656356
1.577573
1.581124
1.588595
1.548384
1.760403
1.803957
2.142355
1.882694
1.886632
2.017649
1.788292
2.150929
2.018561
2.202333
2.296691
2.121534
2.673816
2.490889
2.174131
2.995099
2.557738
2.535513
2.897303
2.638907
2.823215
3.059690
3.070790
2.895211
3.156079
3.136987
3.324564
3.576744
3.470593
3.544151
3.733717
3.523419
3.675016
3.895778
3.937653
4.237917
4.176729
4.141513
4.193958
4.355702
4.369542
4.471728
4.573501
4.661038
4.692837
5.037528
4.713042
4.663680
5.227516
5.148184
5.218208
5.165843
5.294908
5.555264
5.421065
5.798020
5.590177
5.269519
6.384413
5.777108
5.791162
5.801095
5.397465
6.262635
6.011870
6.975528
6.398921
6.921007
6.786805
5.082225
6.605817
6.720840
6.805553
8.955202
7.470880
5.720298
7.725576
7.288746
6.686937
12.452026
10.369513
5.575673
6.698583
5.714874
6.989754
8.089741
7.986871
7.757794
8.874013
8.563349
8.827056
8.931068
7.535359
9.207761
9.107115
7.610988
7.952277
8.497234
8.116636
9.072484
9.157291
8.122153
9.200935
9.753981
8.651858
7.734929
9.618881
9.680437
9.153369
9.889559
7.648294
8.194253
8.980272
8.427687
11.382467
11.491955
10.136628
9.942462
9.412394
10.557148
11.528878
10.765548
9.184556
8.916367
10.152323
10.134290
9.851454
9.758909
9.426583
9.268334
8.717259
9.305978
9.856353
8.537743
8.386296
8.886855
8.771095
9.093079
8.555818
7.498688
8.073988
8.416916
7.894562
8.215737
8.263524
7.707296
8.064524
7.964248
7.924815
7.673138
7.695182
7.866119
7.689481
5.904474
3.315832
3.392920
4.351503
5.417395
5.667814
5.505884
5.796023
6.009829
6.150345
6.840485
6.420676
5.633050
5.359538
5.238911
5.232417
5.333861
5.538149
5.726021
5.972834
6.337325
6.332456
6.397216
6.390690
6.146736
6.380996
6.472732
6.317484
6.204395
6.227848
6.172302
6.120448
6.138606
6.149468
6.215051
6.260289
6.292383
6.372928
6.432804
6.423196
6.462167
6.438967
6.560311
6.614873
6.710153
6.747774
6.869120
6.978140
6.870495
6.867560
6.772344
6.677997
6.579892
6.583896
6.526367
5.588834
6.153781
6.626571
5.677499
5.502802
5.532351
5.531750
5.625509
5.613606
5.531545
5.517607
5.442104
5.592500
5.466032
5.755122
5.829372
5.579397
5.690348
5.612546
6.032195
6.043362
5.688031
5.815043
5.740784
5.779427
5.870139
6.006675
5.891949
5.891104
5.965631
6.094645
5.984053
5.974293
5.963598
5.978504
5.986368
6.051814
6.052813
6.107054
6.164130
6.340218
6.406344
6.207023
6.169211
6.154786
6.147050
6.219881
6.140150
6.479651
7.888010
8.074994
6.206604
4.357860
5.172749
5.075443
3.965735
4.435590
4.519024
4.613720
4.903632
4.968009
5.227440
5.434963
5.581146
5.728489
5.770664
5.679744
5.805598
5.972985
5.825522
5.779816
5.762926
5.812966
5.779429
5.691061
5.770757
5.685614
5.583948
5.739881
6.027931
5.884739
6.056322
5.749139
5.366660
5.510030
5.867306
5.780743
5.146081
5.116546
5.402549
5.763687
5.266822
6.157884
6.758651
5.310428
5.572451
5.763595
6.599341
7.727936
6.005527
5.067094
5.787186
5.691553
5.697672
7.064961
7.660476
7.392664
6.057532
6.076357
6.466359
4.961301
4.350570
4.625864
5.933405
5.896729
4.746309
5.596990
6.512277
6.026286
6.059761
6.009267
5.743806
6.191101
5.811957
5.803581
6.258855
5.849026
5.494101
5.244760
5.648798
5.963965
6.048644
6.015954
6.025932
6.031155
6.117029
6.126381
6.191887
6.243805
5.982394
5.823183
6.540218
6.460994
5.723528
5.838453
6.105191
6.490653
6.010260
6.112536
6.443943
5.980812
6.132477
6.455159
5.938547
6.262629
6.354421
5.767737
6.063824
6.375075
6.021277
6.133394
25.756073
45.335446
46.678784
45.993188
47.390809
47.655272
46.312363
45.946940
47.395148
48.619783
46.316447
46.655288
46.696058
45.882034
45.590379
45.005636
44.654282
45.529991
46.911188
47.071442
46.082227
46.559677
46.779829
45.599078
45.857906
45.810174
45.196038
47.734337
47.812686
44.423698
43.834929
45.615392
46.012701
45.082545
