0.000000
0.000000
0.000000
0.000000
0.000002
0.000003
0.000006
0.000009
0.000014
0.000021
0.000029
0.000039
0.000051
0.000066
0.000083
0.000103
0.000126
0.000153
0.000185
0.000221
0.000262
0.000309
0.000363
0.000423
0.000491
0.000567
0.000653
0.000748
0.000853
0.000969
0.001098
0.001239
0.001393
0.001561
0.001417
0.001236
0.001343
0.001458
0.001578
0.001705
0.001837
0.001976
0.002123
0.002280
0.002446
0.002617
0.002794
0.002978
0.003169
0.003367
0.003571
0.003783
0.004002
0.004235
0.004491
0.004755
0.005019
0.005288
0.005563
0.005846
0.006136
0.006434
0.006740
0.007054
0.007376
0.007706
0.008044
0.008390
0.008745
0.009109
0.009481
0.009861
0.010250
0.010648
0.011054
0.011470
0.011893
0.012326
0.012767
0.013217
0.013675
0.014142
0.014616
0.015100
0.015591
0.016090
0.016596
0.017110
0.017632
0.018160
0.018694
0.019235
0.019782
0.020335
0.020893
0.021456
0.022025
0.022597
0.023174
0.023755
0.024356
0.024973
0.025544
0.026059
0.026559
0.027046
0.027523
0.027990
0.028448
0.028897
0.029337
0.029769
0.030191
0.031196
0.032192
0.032589
0.032977
0.033356
0.033724
0.034084
0.034433
0.034773
0.035103
0.035422
0.035733
0.036033
0.036323
0.036603
0.036874
0.037135
0.037386
0.037628
0.037860
0.038082
0.038296
0.038500
0.038695
0.038882
0.039059
0.039229
0.039390
0.039543
0.039688
0.039825
0.039955
0.040077
0.040193
0.040301
0.040404
0.040499
0.040589
0.040673
0.040751
0.040824
0.040892
0.040955
0.041013
0.041066
0.041115
0.041160
0.041200
0.041236
0.041267
0.041294
0.041305
0.041311
0.041319
0.041319
0.041310
0.041289
0.041254
0.041202
0.041129
0.041031
0.040902
0.040767
0.040667
0.040603
0.040547
0.040473
0.040374
0.040258
0.040124
0.039975
0.039812
0.039637
0.039453
0.039260
0.039062
0.038860
0.038657
0.038454
0.038252
0.038054
0.037859
0.037669
0.037483
0.037302
0.037125
0.036953
0.036786
0.036623
0.036466
0.036328
0.036261
0.036265
0.036264
0.036234
0.036190
0.036139
0.036087
0.036035
0.035987
0.035944
0.035908
0.035879
0.035857
0.035845
0.035843
0.035850
0.035869
0.035898
0.035938
0.036007
0.036136
0.036302
0.036469
0.036635
0.036807
0.036987
0.037176
0.037375
0.038185
0.039013
0.039263
0.039530
0.039811
0.040061
0.040322
0.040640
0.040973
0.041322
0.041689
0.042069
0.042466
0.042884
0.043321
0.043778
0.044254
0.044750
0.045268
0.045792
0.046337
0.046915
0.047510
0.048117
0.048725
0.049398
0.050035
0.050538
0.050977
0.051347
0.051652
0.051917
0.052161
0.052353
0.052549
0.052797
0.053048
0.053342
0.053878
0.054571
0.055175
0.055705
0.056202
0.056677
0.057161
0.057676
0.058215
0.058830
0.059572
0.061260
0.062942
0.063734
0.064514
0.065267
0.065937
0.066650
0.067287
0.067710
0.068118
0.068551
0.069072
0.069707
0.070358
0.070986
0.071599
0.072213
0.072838
0.073588
0.074566
0.075603
0.077550
0.079551
0.080362
0.080822
0.081055
0.081401
0.081545
0.081348
0.081324
0.081365
0.081473
0.081656
0.081871
0.083346
0.084752
0.084838
0.084870
0.085148
0.085795
0.086510
0.087211
0.088079
0.089891
0.091381
0.091521
0.091866
0.092921
0.094039
0.096390
0.098645
0.098968
0.099393
0.100326
0.102924
0.105754
0.106552
0.107109
0.109509
0.112071
0.113105
0.113979
0.116136
0.118535
0.120065
0.121916
0.123948
0.125124
0.127300
0.130018
0.132774
0.137406
0.141884
0.145907
0.151019
0.155029
0.162262
0.164634
0.166181
0.174978
0.178022
0.181882
0.188720
0.195664
0.198043
0.202271
0.213041
0.221020
0.225030
0.230114
0.230952
0.238032
0.249111
0.253731
0.259431
0.264934
0.274472
0.281218
0.287291
0.292848
0.298396
0.306783
0.315120
0.328108
0.378191
0.353413
0.311563
0.342044
0.351740
0.361081
0.359767
0.366161
0.371687
0.376732
0.383126
0.392318
0.399193
0.392038
0.409794
0.414461
0.409182
0.412087
0.417593
0.421580
0.431249
0.440798
0.439243
0.444994
0.447933
0.445737
0.446050
0.459298
0.470500
0.478895
0.493789
0.499255
0.557857
0.494278
0.435141
0.480727
0.488384
0.514319
0.589565
0.573715
0.446286
0.467780
0.516163
0.512360
0.523746
0.535108
0.535387
0.578704
0.602778
0.587950
0.455214
0.461379
0.654789
0.556770
0.486520
0.628214
0.648077
0.518686
0.611160
0.652700
0.546462
0.573883
0.542777
0.599456
0.596316
0.582502
0.588232
0.605460
0.628734
0.600806
0.607644
0.568249
0.517889
0.622513
0.641636
0.640433
0.665737
0.624382
0.785040
0.642173
0.577995
0.696856
0.615857
0.664892
0.666619
0.662695
0.663770
0.673768
0.681763
0.688927
0.714957
0.670571
0.719386
0.710451
0.707084
0.736019
0.729104
0.693429
0.736940
0.755998
0.724058
0.775899
0.724501
0.738403
0.870203
0.805515
0.696268
0.748365
0.762911
0.878085
0.836717
0.736817
0.874421
0.765789
0.667012
0.761738
0.833662
0.842306
0.812743
0.817459
0.783040
0.847124
0.829630
0.819582
0.799515
0.770589
0.811685
0.861338
0.924424
0.777995
0.733105
0.864022
0.882324
0.852260
0.877850
0.903738
0.900023
0.887460
0.908122
0.920187
0.930346
0.942042
0.946180
0.945488
0.940149
0.924705
0.958212
0.980384
1.008579
1.023499
1.015386
1.034031
1.042812
1.047122
1.055047
1.070859
1.079807
1.094323
1.099505
1.107557
1.086513
1.098332
1.106933
1.070275
1.126138
1.116036
1.103281
1.125779
1.110030
1.126841
1.155841
1.159941
1.142430
1.177395
1.302134
1.176125
1.063156
1.159426
1.116350
1.219717
1.180125
1.184148
1.192470
1.112369
1.160388
1.176632
1.171119
1.147587
1.145692
1.200036
1.184705
1.113765
1.136722
1.233809
1.193647
1.158642
1.145386
1.086370
1.104790
1.154394
1.127726
1.112070
1.107915
1.149346
1.290534
1.124226
0.960020
1.011385
1.022619
0.991254
1.065269
1.200558
1.066659
0.908875
0.978560
1.010377
1.011142
1.046739
1.025334
1.030573
1.014457
0.978073
0.988581
0.992011
0.987788
0.986237
0.978593
1.045635
1.025273
0.899336
0.948075
0.945464
0.971101
0.984820
0.976672
0.977392
0.951891
0.936478
0.984049
0.982861
0.919539
0.933430
0.944230
0.944712
0.941983
0.943237
0.942658
0.939839
0.936397
0.933819
0.933939
0.935222
0.932060
0.925456
0.926881
0.926150
0.922478
0.921540
0.920161
0.921650
0.916985
0.908859
0.911648
0.914541
0.901432
1.017458
1.028289
0.905464
1.016093
0.966889
0.806331
0.889912
0.900509
0.859274
0.856552
0.852472
0.908096
0.888365
0.863768
0.890378
0.872787
0.860489
0.873842
0.904012
0.943851
0.888674
0.994021
1.234517
1.294037
1.252192
1.201819
1.181459
1.176399
1.195730
1.153872
1.026433
0.972171
1.007656
1.079361
1.111014
1.094517
1.115767
1.066034
1.056903
1.093844
0.966054
1.016664
1.250902
1.213559
1.128412
1.221090
1.401846
1.382148
1.259750
1.327268
1.348144
1.363591
1.370820
1.416794
1.427587
1.334893
1.351211
1.359911
1.218490
1.346436
1.514494
1.509487
1.480185
1.678707
1.557825
1.169427
1.323559
1.520252
1.574804
1.507123
1.409353
1.459539
1.517003
1.482782
1.453632
1.423391
1.471508
1.572658
1.606417
1.575574
1.572060
1.602415
1.578519
1.505914
1.471661
1.507609
1.544768
1.594709
1.620638
1.602376
1.617745
1.612241
1.633648
1.679581
1.747517
1.739955
1.663919
1.564225
1.481949
1.614252
1.781488
1.761352
1.702971
1.709348
1.685469
1.658594
1.743033
1.859074
2.026423
1.810021
1.757045
2.048770
1.925546
1.796730
1.703839
1.689542
1.714789
1.708586
1.738526
1.710620
1.746455
1.841984
1.659248
2.004538
1.996843
1.566836
1.679286
1.643157
1.664209
1.663240
1.539179
1.571435
1.810851
1.898884
1.898651
1.859638
1.803625
1.760220
1.712254
1.703514
1.724212
1.707789
1.705837
1.761020
1.728644
1.826262
1.755645
1.643558
1.658884
1.647157
1.644900
1.645933
1.674857
1.945793
1.914704
1.573223
1.614411
1.642012
1.634386
1.666665
1.653294
1.655514
1.684918
1.774423
1.729993
1.680626
1.705621
1.807022
1.721856
1.582824
1.610894
1.532734
1.655183
1.702131
1.717371
1.698223
1.679276
1.670117
1.646412
1.720962
5.735904
11.888053
11.495689
9.378328
9.098644
8.949241
9.998073
11.325289
10.550214
9.102221
9.617401
10.213882
10.691900
10.633516
10.061030
9.524259
9.711503
10.832142
12.022012
10.487317
8.543039
8.720678
8.589989
10.548923
11.688017
10.129646
9.276545
8.975280
9.506785
10.088896
10.514569
10.510295
10.437146
10.439973
10.168947
