0.000000
0.000000
0.000000
0.000000
0.000002
0.000003
0.000006
0.000009
0.000014
0.000021
0.000029
0.000039
0.000051
0.000066
0.000083
0.000103
0.000126
0.000153
0.000185
0.000221
0.000262
0.000309
0.000363
0.000423
0.000491
0.000567
0.000653
0.000748
0.000853
0.000969
0.001098
0.001239
0.001393
0.001243
0.001059
0.001156
0.001261
0.001374
0.001492
0.001618
0.001750
0.001889
0.002036
0.002195
0.002364
0.002539
0.002721
0.002911
0.003108
0.003314
0.003528
0.003750
0.003980
0.004224
0.004490
0.004770
0.005053
0.005340
0.005635
0.005939
0.006252
0.006574
0.006905
0.007246
0.007596
0.007956
0.008325
0.008704
0.009093
0.009492
0.009900
0.010319
0.010748
0.011186
0.011634
0.012093
0.012561
0.013038
0.013525
0.014022
0.014528
0.015043
0.015567
0.016100
0.016641
0.017191
0.017748
0.018312
0.018884
0.019462
0.020047
0.020638
0.021235
0.021838
0.022445
0.023057
0.023695
0.024389
0.025110
0.025821
0.026462
0.027014
0.027538
0.028657
0.029769
0.030269
0.030760
0.031242
0.031715
0.032179
0.032633
0.033078
0.033514
0.033940
0.034357
0.034764
0.035160
0.035547
0.035924
0.036290
0.036646
0.036992
0.037327
0.037653
0.037968
0.038272
0.038567
0.038852
0.039126
0.039391
0.039646
0.039891
0.040127
0.040353
0.040570
0.040778
0.040978
0.041169
0.041351
0.041526
0.041693
0.041852
0.042004
0.042148
0.042286
0.042417
0.042542
0.042661
0.042774
0.042882
0.042984
0.043081
0.043173
0.043261
0.043343
0.043410
0.043471
0.043536
0.043595
0.043647
0.043690
0.043724
0.043746
0.043754
0.043745
0.043717
0.043665
0.043588
0.043481
0.043343
0.043175
0.042972
0.042728
0.042492
0.042306
0.042146
0.041978
0.041798
0.041608
0.041409
0.041205
0.040995
0.040782
0.040568
0.040353
0.040139
0.039926
0.039715
0.039506
0.039300
0.039139
0.039059
0.038997
0.038910
0.038808
0.038698
0.038583
0.038464
0.038344
0.038226
0.038110
0.037997
0.037889
0.037787
0.037691
0.037602
0.037521
0.037448
0.037384
0.037329
0.037285
0.037283
0.037335
0.037400
0.037460
0.037521
0.037587
0.037661
0.037743
0.037834
0.037936
0.038049
0.038174
0.038312
0.038461
0.039219
0.039996
0.040199
0.040417
0.040649
0.040900
0.041166
0.041399
0.041645
0.041949
0.042270
0.042607
0.042957
0.043325
0.043714
0.044121
0.044548
0.044994
0.045460
0.045948
0.046441
0.046954
0.047501
0.048065
0.048642
0.049221
0.049868
0.050484
0.050969
0.051388
0.051742
0.052036
0.052281
0.052502
0.052716
0.052889
0.053067
0.053293
0.053526
0.053931
0.054542
0.055157
0.055699
0.056180
0.056644
0.057097
0.057561
0.058058
0.058582
0.059207
0.059962
0.061629
0.063280
0.064046
0.064802
0.065528
0.066308
0.066994
0.067466
0.067878
0.068274
0.068685
0.069223
0.069852
0.070465
0.071074
0.071666
0.072260
0.072864
0.073606
0.074587
0.075611
0.077537
0.079528
0.080334
0.080786
0.081003
0.081323
0.081524
0.081374
0.081304
0.081302
0.081369
0.081513
0.081724
0.083178
0.084560
0.084664
0.084662
0.084869
0.085467
0.086145
0.086818
0.087666
0.089459
0.090925
0.091040
0.091380
0.092442
0.093536
0.095846
0.098076
0.098384
0.098785
0.099601
0.102285
0.105261
0.105970
0.106431
0.108791
0.110987
0.112132
0.113482
0.115527
0.117882
0.121610
0.123813
0.123896
0.125686
0.127979
0.130344
0.134712
0.139199
0.143289
0.148980
0.153744
0.158913
0.164875
0.166920
0.171690
0.176341
0.179876
0.186424
0.191890
0.196442
0.202702
0.221064
0.219414
0.215720
0.232724
0.235301
0.233674
0.249526
0.254685
0.259323
0.271848
0.287650
0.286400
0.280588
0.294258
0.301989
0.314748
0.344607
0.329455
0.310064
0.333707
0.341041
0.344612
0.345917
0.356555
0.360935
0.361612
0.376396
0.380142
0.388842
0.386237
0.412256
0.405023
0.379443
0.403576
0.402761
0.407505
0.420048
0.432483
0.430251
0.489814
0.463589
0.409180
0.469505
0.456402
0.465647
0.482600
0.479711
0.511794
0.578791
0.583639
0.472219
0.517590
0.592198
0.556993
0.569526
0.614095
0.632723
0.643449
0.679415
0.724777
0.638202
0.635446
0.783982
0.808009
0.723537
0.744827
0.815322
0.791476
0.650588
0.630403
0.819821
0.762492
0.829039
0.686149
0.490626
0.666247
0.621206
0.571668
0.544934
0.516089
0.503539
0.554692
0.457496
0.354863
0.443503
0.406445
0.375982
0.388294
0.366581
0.362151
0.363529
0.328205
0.349940
0.357644
0.336440
0.411203
0.360195
0.285434
0.336422
0.350462
0.357874
0.359074
0.352905
0.360498
0.355323
0.355976
0.367273
0.373393
0.351436
0.400795
0.409194
0.389438
0.394216
0.422154
0.443336
0.374132
0.443960
0.468433
0.442251
0.472535
0.451898
0.430751
0.502365
0.533834
0.481805
0.495548
0.508610
0.512762
0.539555
0.522919
0.540446
0.591600
0.544618
0.558391
0.570453
0.578261
0.603487
0.609222
0.604392
0.546526
0.652414
0.698452
0.642613
0.626122
0.647615
0.664102
0.665826
0.690166
0.672410
0.690194
0.716018
0.700766
0.711330
0.710659
0.723897
0.758980
0.717938
0.720327
0.751284
0.764252
0.750746
0.750048
0.776926
0.778156
0.777732
0.807258
0.817180
0.825464
0.840642
0.868815
0.883038
0.889124
0.903891
0.906338
0.930285
0.942485
0.952310
0.965206
0.964705
0.971328
0.995454
1.015091
1.021613
1.032399
1.021680
1.049186
1.039918
1.033892
1.081322
1.091452
1.075825
1.068254
1.096478
1.108741
1.112944
1.106888
1.115991
1.111768
1.130620
1.130027
1.135562
1.168732
1.142634
1.143745
1.157306
1.153636
1.201709
1.177155
1.147775
1.166471
1.161843
1.177311
1.203130
1.201650
1.199931
1.187850
1.184726
1.204476
1.199657
1.178479
1.170185
1.180627
1.140393
1.142731
1.167076
1.147146
1.151316
1.130348
1.120124
1.141163
1.129817
1.124047
1.109938
1.110709
1.109420
1.097100
1.104775
1.100302
1.091266
1.092817
1.061823
1.040574
1.056181
1.059092
1.073798
1.068273
1.045980
1.036334
1.032363
1.027745
1.012992
1.027527
1.032341
0.993321
0.980685
1.000669
1.004290
1.001244
0.992883
0.989424
0.990116
0.971163
0.959306
0.973517
0.984624
0.979420
0.953075
0.938358
0.967141
0.989894
0.975012
0.931793
0.958544
0.979968
0.943542
0.900947
0.884607
0.908889
0.921550
0.920295
0.910952
0.914058
0.918790
0.920005
0.933495
0.948145
0.988424
0.969769
0.898902
0.921426
0.927540
0.890649
0.926691
0.952186
0.907101
0.894063
0.914582
0.957557
0.944942
0.887406
0.959190
0.945438
0.888805
0.919963
0.935265
0.904955
0.891628
0.908272
0.936270
0.923390
0.929425
0.921394
0.922634
0.925780
0.913100
0.956905
0.915692
0.915767
0.941253
0.917203
0.905084
0.942646
0.925352
0.917890
0.929684
0.949761
0.954225
0.937816
0.954610
0.951944
0.940054
0.935675
0.942113
0.929747
0.941523
0.951218
0.946331
0.950941
0.955425
0.953669
0.956893
0.960325
0.962289
0.963783
0.967056
0.967913
0.973032
0.977678
0.980331
0.979839
0.986712
0.988663
0.989186
0.994850
0.991839
1.000276
1.000903
0.995349
1.000734
1.009144
1.013129
1.013942
1.013449
1.016111
1.018204
1.025713
1.030708
1.035313
1.039831
1.025090
1.037111
1.036100
1.056416
1.049507
1.026087
1.098612
1.070868
1.055043
1.080810
1.077734
1.152389
1.120547
1.060746
1.097500
1.107940
1.117892
1.148185
1.132760
1.138186
1.143967
1.151382
1.143771
1.143155
1.147799
1.149661
1.157755
1.156857
1.153951
1.156126
1.168734
1.163253
1.174633
1.178838
1.188168
1.182675
1.183626
1.177162
1.180498
1.174633
1.168380
1.169780
1.167995
1.169070
1.161298
1.155871
1.151342
1.149299
1.147025
1.144456
1.142415
1.142823
1.142930
1.142611
1.140002
1.136392
1.135110
1.133198
1.128734
1.129030
1.125865
1.125273
1.120582
1.118005
1.119799
1.108593
1.107562
1.103743
1.098009
1.095618
1.088661
1.088141
1.087210
1.088539
1.085583
1.086606
1.088646
1.085525
1.085513
1.084418
1.075064
1.081274
1.076630
1.074707
1.080387
1.073570
1.067140
1.062530
1.064699
1.071507
1.060526
1.055245
1.061436
1.044378
1.051752
1.052083
1.049741
1.053564
1.052398
1.051489
1.047963
3.975464
6.850818
6.830440
6.826322
6.799082
6.790901
6.757171
6.744749
6.738084
6.705091
6.695808
6.691911
6.672703
6.643351
6.633055
6.639022
6.625323
6.618804
6.607263
6.602251
6.591640
6.591219
6.590875
6.560164
6.581549
6.574835
6.595115
6.588850
6.604837
6.615045
6.605303
6.629680
6.594277
6.601524
