0.000000
0.000000
0.000000
0.000000
0.000002
0.000003
0.000006
0.000009
0.000014
0.000021
0.000029
0.000039
0.000051
0.000066
0.000083
0.000103
0.000126
0.000153
0.000185
0.000221
0.000262
0.000309
0.000363
0.000423
0.000491
0.000567
0.000653
0.000748
0.000853
0.000969
0.001098
0.001239
0.001070
0.000869
0.000957
0.001053
0.001157
0.001269
0.001388
0.001515
0.001650
0.001793
0.001946
0.002111
0.002289
0.002474
0.002668
0.002871
0.003084
0.003307
0.003540
0.003784
0.004037
0.004302
0.004588
0.004901
0.005222
0.005546
0.005880
0.006224
0.006580
0.006947
0.007326
0.007717
0.008120
0.008535
0.008963
0.009402
0.009853
0.010317
0.010793
0.011281
0.011781
0.012292
0.012816
0.013351
0.013897
0.014455
0.015024
0.015603
0.016192
0.016792
0.017400
0.018018
0.018644
0.019279
0.019922
0.020571
0.021228
0.022464
0.023712
0.024422
0.025197
0.026015
0.026822
0.027613
0.028395
0.029172
0.029945
0.030638
0.031232
0.031801
0.032361
0.032912
0.033454
0.033986
0.034509
0.035023
0.035526
0.036020
0.036504
0.036977
0.037440
0.037893
0.038335
0.038766
0.039187
0.039597
0.039996
0.040384
0.040762
0.041128
0.041485
0.041831
0.042166
0.042492
0.042807
0.043112
0.043408
0.043694
0.043971
0.044239
0.044499
0.044749
0.044992
0.045227
0.045453
0.045673
0.045885
0.046089
0.046276
0.046455
0.046636
0.046810
0.046975
0.047131
0.047277
0.047410
0.047531
0.047635
0.047722
0.047788
0.047831
0.047850
0.047842
0.047815
0.047759
0.047670
0.047556
0.047418
0.047259
0.047082
0.046891
0.046688
0.046478
0.046264
0.046050
0.045837
0.045627
0.045421
0.045219
0.045020
0.044824
0.044629
0.044435
0.044241
0.044047
0.043852
0.043658
0.043463
0.043269
0.043077
0.042886
0.042698
0.042512
0.042364
0.042294
0.042248
0.042174
0.042084
0.041987
0.041885
0.041783
0.041682
0.041584
0.041491
0.041403
0.041322
0.041247
0.041180
0.041122
0.041072
0.041032
0.041001
0.040980
0.040970
0.040971
0.040983
0.041007
0.041042
0.041089
0.041148
0.041220
0.041897
0.042592
0.042715
0.042851
0.043000
0.043164
0.043342
0.043535
0.043742
0.043964
0.044205
0.044462
0.044732
0.045012
0.045308
0.045571
0.045847
0.046193
0.046617
0.046998
0.047402
0.047893
0.048281
0.048670
0.049136
0.049636
0.050150
0.050671
0.051272
0.051855
0.052318
0.052724
0.053066
0.053348
0.053576
0.053761
0.053928
0.054090
0.054257
0.054388
0.054525
0.054704
0.055020
0.055562
0.056127
0.056600
0.057031
0.057436
0.057837
0.058248
0.058661
0.059095
0.059601
0.060226
0.060923
0.062505
0.064091
0.064803
0.065517
0.066224
0.066892
0.067601
0.068230
0.068659
0.069022
0.069393
0.069812
0.070338
0.070927
0.071493
0.072052
0.072595
0.073139
0.073703
0.074463
0.075456
0.076426
0.078295
0.080295
0.081152
0.081632
0.082005
0.082415
0.082763
0.083195
0.083277
0.082982
0.082904
0.082899
0.082977
0.083132
0.084692
0.086138
0.086106
0.085978
0.086083
0.086591
0.087186
0.087793
0.088599
0.090364
0.091781
0.091772
0.091972
0.093098
0.094289
0.096552
0.098706
0.099431
0.099816
0.100258
0.102824
0.105592
0.106367
0.106934
0.108138
0.110688
0.112934
0.113924
0.116007
0.118290
0.119918
0.121842
0.123816
0.125194
0.127526
0.130112
0.133676
0.138392
0.142925
0.148853
0.153436
0.155943
0.165543
0.172560
0.171579
0.176784
0.183101
0.188861
0.202648
0.202235
0.202812
0.216297
0.221409
0.224865
0.231247
0.235646
0.241936
0.255060
0.260837
0.268644
0.275275
0.277527
0.286955
0.296497
0.308914
0.322211
0.326006
0.320450
0.328030
0.347904
0.348786
0.346010
0.360178
0.371573
0.370366
0.372377
0.379189
0.385634
0.392273
0.444106
0.409714
0.416937
0.431883
0.394180
0.418981
0.445888
0.455675
0.427315
0.432739
0.484423
0.491617
0.455689
0.473724
0.519425
0.545045
0.530440
0.555790
0.606405
0.684123
0.774396
0.897834
0.991073
1.095237
1.165062
1.823324
2.605159
3.621893
5.731037
13.409183
48.462450
209.078007
1053.942290
2951.172934
3442.651273
2372.653325
1723.262267
1563.430700
1091.715303
653.130025
599.327082
405.574499
390.888197
335.896490
275.795462
237.149360
208.850937
179.176766
155.190297
136.482911
120.835426
99.314834
77.026855
69.440963
64.616186
65.058014
59.361963
62.938149
62.852464
46.267131
43.120762
42.646257
41.214557
38.865056
29.662238
14.193453
4.354871
0.907229
0.261765
0.115103
0.090864
0.084430
0.099215
0.111668
0.118238
0.125081
0.145990
0.162440
0.163617
0.187206
0.253494
0.241943
0.243339
0.367775
0.333800
0.331043
0.410242
0.443630
0.484027
0.512064
0.600977
0.600687
0.646256
0.686194
0.657207
0.916463
0.816636
0.677908
0.887897
1.117229
1.087464
1.102914
1.266881
1.204194
1.116909
1.311370
1.368098
1.442271
1.696101
1.595393
1.709492
1.713506
1.717417
1.827826
1.839438
1.683310
1.926612
2.338232
2.262049
2.139939
2.245455
2.368578
2.271844
2.202580
2.595728
2.884376
2.688055
2.640675
2.753772
2.921777
2.923991
2.908476
3.009408
3.043515
3.407470
3.203254
3.003209
3.341641
3.339603
3.431143
3.451012
3.622082
3.606749
3.597042
3.690272
3.763108
4.677110
3.901763
2.968554
3.827385
4.226613
4.374069
4.602988
4.329767
5.521828
4.908509
3.451359
4.256502
4.588044
5.028501
4.832469
5.406382
5.104913
4.425235
5.207329
7.094136
5.648088
4.318101
4.806099
5.189513
5.788344
4.850674
4.956980
5.247368
5.945405
5.693221
5.335093
5.762871
5.783185
5.776460
5.689133
5.621715
5.677244
6.037882
6.286301
5.913091
5.735599
5.809297
6.747766
6.245891
5.334832
5.690396
5.806456
5.907175
5.576911
5.606726
6.342379
5.849842
5.956567
6.324267
6.038946
6.296626
6.518529
5.630958
5.211494
6.371197
5.605177
4.623844
4.719164
4.847748
4.852906
6.181589
6.086883
4.656593
4.781310
4.860592
4.944882
5.068633
5.021909
5.351978
6.472652
6.169280
5.039669
4.644553
4.307718
4.240892
4.261906
4.295585
4.334711
4.403079
4.465490
4.510688
4.520815
4.557704
4.578735
4.576591
4.607335
4.651870
4.668081
4.696472
4.735851
4.711134
4.707388
4.717643
4.717943
4.699433
4.666617
4.634123
4.587786
4.537509
4.488577
4.440183
4.394683
4.351176
4.308852
4.269110
4.165977
4.046270
3.973417
3.279510
3.163857
3.284917
3.484379
3.494389
3.188608
3.573067
3.767953
3.674803
3.891845
3.724329
3.268734
3.415814
3.438853
3.515221
3.440278
3.307232
3.260325
3.246924
3.243145
3.269169
3.312643
3.304880
3.317591
3.319805
3.326499
3.361187
3.407224
3.376838
3.415631
3.416995
3.401975
3.395378
3.386847
3.411625
3.384468
3.385798
3.382351
3.417728
3.454390
3.450962
3.443724
3.438697
3.434133
3.471044
3.461591
3.437243
3.478342
3.503459
3.466399
3.458785
3.455582
3.501575
3.495030
3.488166
3.481232
3.522764
3.521141
3.468200
4.248374
4.161167
3.819620
3.539910
3.360142
3.722034
3.587196
3.438454
3.464490
3.654820
3.005528
3.738171
4.289367
3.507579
3.524995
4.224438
4.335991
3.024472
2.673429
2.755023
2.670879
2.938009
3.116203
3.297197
3.337142
3.325637
3.278833
3.240437
3.224265
3.273070
3.283859
3.299789
3.238389
3.184008
3.040825
2.786347
2.924421
3.207887
3.516696
3.605464
3.598312
3.692982
3.730117
3.811817
3.801048
3.917306
3.806563
4.007353
3.792718
3.230186
3.394206
3.378705
3.410381
3.490108
3.541786
3.605943
3.663584
3.757299
3.832585
3.883846
3.952188
4.012308
4.070239
4.163005
4.231913
4.246370
4.252351
4.296089
4.336225
4.323421
4.310867
4.144060
4.092397
4.276037
4.309357
4.273787
4.282992
4.268302
4.258900
4.260119
4.244945
4.239491
4.236383
4.237992
4.234940
4.290827
4.374077
4.294081
4.176645
4.296933
4.379745
4.332156
4.252935
4.137563
4.320409
4.415278
4.159022
4.260064
4.389709
4.159896
4.138912
4.344831
4.295104
4.265781
4.286248
4.255392
4.312502
4.281350
4.095716
4.113912
4.374460
4.316854
4.082872
4.199195
4.213461
4.178672
4.247231
4.167091
4.093798
4.139817
4.269286
4.147041
3.967883
4.137818
4.292413
4.102083
3.943876
4.021356
4.164317
4.014745
3.857699
17.023986
29.590010
27.819658
26.240642
28.637613
30.520964
28.852609
26.213523
26.459973
27.726568
27.706263
29.336367
29.818265
28.249285
29.210349
31.023354
30.689513
28.995076
27.157620
24.810079
22.401479
23.243341
25.098430
27.381801
33.518421
47.192142
61.856931
48.475711
26.975680
23.908944
30.284824
31.975835
26.597923
