0.000000
0.000000
0.000000
0.000000
0.000002
0.000003
0.000006
0.000009
0.000014
0.000021
0.000029
0.000039
0.000051
0.000066
0.000083
0.000103
0.000126
0.000153
0.000185
0.000221
0.000262
0.000309
0.000363
0.000423
0.000491
0.000567
0.000653
0.000748
0.000853
0.000969
0.001098
0.001239
0.001393
0.001172
0.000915
0.001010
0.001113
0.001225
0.001344
0.001472
0.001608
0.001753
0.001908
0.002076
0.002256
0.002445
0.002643
0.002850
0.003069
0.003298
0.003537
0.003788
0.004049
0.004326
0.004627
0.004948
0.005276
0.005611
0.005957
0.006315
0.006684
0.007067
0.007461
0.007869
0.008289
0.008722
0.009169
0.009628
0.010100
0.010586
0.011084
0.011595
0.012120
0.012657
0.013206
0.013768
0.014342
0.014929
0.015526
0.016135
0.016755
0.017385
0.018567
0.019766
0.020440
0.021122
0.021812
0.022510
0.023214
0.023926
0.024643
0.025411
0.026260
0.027122
0.027959
0.028783
0.029601
0.030414
0.031225
0.032011
0.032693
0.033291
0.033880
0.034460
0.035030
0.035591
0.036143
0.036685
0.037217
0.037740
0.038252
0.038754
0.039246
0.039727
0.040198
0.040658
0.041108
0.041548
0.041977
0.042396
0.042804
0.043202
0.043590
0.043968
0.044337
0.044696
0.045045
0.045385
0.045717
0.046039
0.046353
0.046658
0.046945
0.047223
0.047501
0.047770
0.048030
0.048279
0.048517
0.048743
0.048954
0.049149
0.049325
0.049479
0.049610
0.049714
0.049791
0.049839
0.049864
0.049860
0.049821
0.049757
0.049669
0.049560
0.049433
0.049291
0.049136
0.048971
0.048799
0.048622
0.048441
0.048257
0.048071
0.047883
0.047694
0.047502
0.047310
0.047115
0.046919
0.046722
0.046524
0.046358
0.046277
0.046244
0.046183
0.046088
0.045975
0.045849
0.045714
0.045575
0.045433
0.045291
0.045148
0.045008
0.044871
0.044737
0.044608
0.044484
0.044366
0.044254
0.044148
0.044050
0.043960
0.043877
0.043803
0.043737
0.043681
0.043633
0.043595
0.043567
0.043549
0.043541
0.043544
0.043557
0.043582
0.043617
0.044263
0.044924
0.045005
0.045098
0.045203
0.045321
0.045452
0.045596
0.045754
0.045925
0.046111
0.046310
0.046525
0.046754
0.046992
0.047245
0.047520
0.047811
0.048119
0.048445
0.048788
0.049151
0.049533
0.049934
0.050356
0.050714
0.051085
0.051552
0.052032
0.052515
0.053079
0.053627
0.054050
0.054418
0.054723
0.054965
0.055159
0.055317
0.055449
0.055575
0.055704
0.055841
0.055942
0.056046
0.056281
0.056707
0.057228
0.057699
0.058099
0.058461
0.058813
0.059168
0.059536
0.059922
0.060332
0.060852
0.061488
0.062124
0.063635
0.065163
0.065825
0.066501
0.067184
0.067858
0.068617
0.069281
0.069739
0.070139
0.070475
0.070836
0.071242
0.071750
0.072322
0.072855
0.073378
0.073883
0.074386
0.074944
0.075711
0.076661
0.077571
0.079415
0.081237
0.082162
0.082927
0.083347
0.083689
0.083901
0.084255
0.084868
0.085491
0.085693
0.085501
0.085393
0.085442
0.085682
0.087286
0.088666
0.088513
0.088167
0.088096
0.088504
0.088987
0.089526
0.090066
0.090795
0.092502
0.093884
0.093835
0.094153
0.095374
0.096478
0.098690
0.100803
0.101464
0.101736
0.102081
0.103661
0.106514
0.108820
0.109424
0.109698
0.112165
0.114788
0.115919
0.116901
0.118541
0.121345
0.122934
0.124265
0.126243
0.134681
0.137585
0.132327
0.135034
0.140529
0.145580
0.150188
0.156091
0.160572
0.166490
0.172220
0.174967
0.180847
0.187940
0.193286
0.198108
0.203989
0.215024
0.222993
0.224788
0.230010
0.241078
0.262091
0.254554
0.252697
0.271708
0.275077
0.282699
0.289880
0.298797
0.310878
0.325815
0.341291
0.344700
0.356339
0.359259
0.345829
0.355353
0.370892
0.371847
0.382838
0.390435
0.389307
0.402420
0.411309
0.414962
0.419931
0.422868
0.430185
0.434709
0.441260
0.453986
0.458362
0.461446
0.466031
0.517795
0.494738
0.473929
0.508812
0.484486
0.542288
0.609007
0.526943
0.480549
0.559592
0.588555
0.574333
0.594017
0.630836
0.670238
0.715440
0.796470
0.790663
0.824815
0.808423
0.848611
1.045042
0.994460
1.255217
1.543009
1.534587
1.668176
1.928519
1.857649
2.203172
2.801502
3.069209
3.407882
3.654160
4.256114
4.565587
4.718177
4.943017
4.941386
4.749397
4.358495
4.050817
3.624805
3.151617
2.729379
2.448362
2.051374
1.637589
1.498347
1.345341
1.203972
1.087633
0.958844
0.875313
0.879503
0.882798
0.888038
0.806843
0.636381
0.775868
0.871881
0.829462
0.856390
0.807012
0.813673
0.866052
0.903191
0.913369
0.884954
1.011518
1.150551
1.110656
1.108522
1.168513
1.203918
1.308987
1.331138
1.313800
1.368036
1.460263
1.559791
1.445821
1.467886
1.646288
1.915004
1.834021
1.687744
2.214857
2.011518
1.780273
2.178603
2.243645
2.395333
2.388758
2.316661
2.417110
2.550866
2.593447
2.612428
2.734558
2.911982
2.960693
3.047179
3.103281
3.119431
3.702162
3.296447
2.908946
3.445287
3.632123
3.681018
3.731304
3.605353
3.820976
4.258261
4.002081
4.035769
4.049287
4.063285
4.537374
4.591800
4.626351
4.445815
4.390110
4.884959
4.834731
4.913228
4.879325
4.779814
5.092120
5.110387
5.126604
5.763083
5.255562
4.832425
6.439375
5.543394
4.478687
6.092774
5.791051
5.246657
6.129290
5.915536
8.124181
7.162608
5.731795
5.848824
5.739831
6.559917
6.648422
6.742525
6.147664
10.288896
8.519566
4.516125
8.941959
7.802904
4.825088
9.138477
7.864098
5.114699
8.368673
7.680521
5.867852
6.874567
7.760518
7.819038
8.488339
8.064030
7.191503
8.160097
8.192333
8.635462
8.161167
7.516525
8.126789
8.201113
7.935765
8.350947
7.976725
8.290615
8.416840
8.334576
9.216848
9.817563
8.387992
6.508519
7.057034
7.245648
7.489848
7.452075
9.414033
8.501067
8.123412
8.516914
6.688489
9.046813
8.551901
7.964210
8.018659
6.171000
6.293666
8.344137
8.792831
6.772368
6.267727
6.479800
6.677790
6.739478
6.736031
6.820615
6.959745
7.046035
7.034889
7.050941
7.139341
7.215387
7.229314
7.232898
7.117889
7.015865
6.950170
6.806110
6.734756
6.707514
6.713086
6.741206
6.801474
6.868175
6.955413
6.998276
7.076252
7.185053
7.242654
7.327730
7.367170
7.431122
7.443001
7.412640
7.364339
7.237838
7.194303
7.158750
7.052723
6.945247
6.826610
6.658814
6.503467
6.240367
5.031559
4.508230
5.917852
5.615967
4.297030
4.700016
5.678647
5.286816
4.542755
4.511713
5.711234
5.815339
5.125939
5.182162
4.934070
4.963536
4.787417
4.758626
4.776227
4.798761
4.736926
4.742345
4.822122
4.869559
5.362899
5.607093
5.091988
4.872595
4.959863
4.966771
5.228217
5.298354
5.008438
4.957514
4.986621
4.959396
5.068552
5.068480
5.087600
5.127990
5.182737
5.267090
4.952229
4.805891
5.065044
5.006051
5.084298
6.299356
6.234017
6.000321
5.658403
4.666750
4.589338
4.465521
4.784418
4.639880
5.165357
4.996320
4.265895
4.167210
4.328875
4.668774
4.644875
5.215641
4.704294
4.834070
5.216757
4.556485
5.016388
4.888406
4.984494
5.314410
4.727269
5.362063
4.868563
4.140854
4.984293
5.118090
5.322415
5.518977
4.797504
5.042445
5.179013
5.255926
5.487125
4.893775
4.934125
5.279053
5.386965
5.293832
5.126905
5.070757
5.131723
5.254621
5.517977
6.140269
6.738050
5.164057
4.658835
6.440184
6.289182
5.208231
4.808448
5.026298
5.160126
5.098386
5.161143
5.211007
5.252629
5.340955
5.441063
5.460457
5.461314
5.413077
5.453676
5.551297
5.543241
5.526820
5.516159
5.505078
5.498303
5.493103
5.438340
5.365596
5.476436
5.460164
5.316689
5.313366
5.473028
5.534795
5.405009
5.469742
5.424527
5.394731
5.367677
5.232082
5.226875
5.332852
5.317140
5.197134
5.316165
5.412924
5.387882
5.365169
5.342011
5.322901
5.305547
5.291932
5.280500
5.319604
5.277292
5.288951
5.377707
5.360792
5.343500
5.328128
5.315161
5.305169
5.295660
5.278852
5.242867
5.282049
5.382020
5.425129
5.450666
5.477285
5.550628
5.627193
5.651476
5.670494
5.678920
5.689005
5.695932
5.701623
5.759382
5.810373
5.813682
5.813910
5.804990
5.801538
5.799893
5.794786
5.786359
5.780083
5.750150
6.456370
6.975399
6.779554
5.512880
4.857136
22.080372
36.786187
36.837552
38.210848
38.133305
37.871921
39.307614
38.089501
37.910419
38.721732
38.105491
38.549016
38.028299
39.385448
38.279569
39.042133
38.162929
38.508196
38.596848
38.019452
38.183045
39.047077
37.514463
37.855431
37.847889
37.895725
38.419086
39.037119
38.578722
38.595682
37.364014
38.048531
37.121723
28.124313
