0.655727
0.655727
0.655727
0.655727
0.655727
0.655727
0.630015
0.551809
0.473604
0.395399
0.317194
0.238989
0.160784
0.128332
0.119229
0.110126
0.101024
0.091921
0.082818
0.073715
0.069438
0.065182
0.060927
0.056672
0.052417
0.048162
0.044527
0.042158
0.039789
0.037421
0.035052
0.032683
0.030314
0.029267
0.028893
0.028520
0.028146
0.027773
0.027399
0.027026
0.027366
0.027711
0.028055
0.028399
0.028743
0.029087
0.029009
0.028067
0.027126
0.026185
0.025244
0.024303
0.023362
0.023804
0.024953
0.026102
0.027250
0.028399
0.029548
0.030519
0.030636
0.030753
0.030870
0.030986
0.030987
0.030001
0.029014
0.028027
0.027079
0.027951
0.028823
0.029695
0.033099
0.037519
0.041939
0.042510
0.042941
0.042097
0.040431
0.040751
0.042551
0.048422
0.057478
0.069592
0.081725
0.091093
0.112313
0.130683
0.154225
0.175241
0.179504
0.190176
0.217106
0.251683
0.248528
0.261375
0.294139
0.330676
0.308734
0.385354
0.496737
0.703277
1.541906
16.076709
478.564630
3226.786412
1842.534648
892.065084
485.683430
264.150864
149.835380
75.939684
3.579111
0.084126
0.008491
0.004154
0.064102
0.180697
0.331885
0.481039
0.745634
0.874474
0.998078
1.261366
1.569439
1.819298
2.026867
2.114999
2.370641
2.386688
2.510505
2.500818
2.486112
2.484875
3.119448
3.378299
4.698058
5.272009
5.169369
5.202983
4.926020
4.913336
4.814320
4.467217
4.316191
3.781531
3.765299
3.842807
3.807136
3.743822
3.915393
3.949552
4.052711
4.002890
4.251423
4.148041
4.013204
4.273145
4.296574
4.487745
4.445586
4.684445
4.751715
4.922824
5.185855
5.607985
5.798783
5.935768
6.398930
6.604185
6.835111
7.145649
7.326184
7.614300
7.854202
8.014823
8.346859
8.442120
8.492585
8.761925
8.798481
9.080407
9.672890
10.088694
10.458339
10.831522
11.141115
11.666267
11.690665
12.083961
12.388734
13.212903
13.988653
15.757526
17.835505
20.481000
23.001996
26.496855
29.727786
33.514243
38.452195
45.086858
52.106403
59.074656
67.139846
73.503694
77.794886
82.552600
83.209940
82.993756
85.116580
83.175389
82.761871
82.601740
81.313667
80.244375
78.786322
