0.655727
0.655727
0.655727
0.655727
0.655727
0.655727
0.630171
0.552440
0.474710
0.396980
0.319249
0.241519
0.163789
0.131592
0.122630
0.113669
0.104707
0.095746
0.086784
0.077823
0.073249
0.068695
0.064141
0.059587
0.055033
0.050479
0.046607
0.044128
0.041648
0.039168
0.036689
0.034209
0.031730
0.030808
0.030682
0.030556
0.030429
0.030303
0.030177
0.030050
0.029845
0.029639
0.029433
0.029227
0.029022
0.028816
0.028686
0.028713
0.028740
0.028767
0.028795
0.028822
0.028849
0.028746
0.028577
0.028408
0.028239
0.028070
0.027901
0.027869
0.028742
0.029615
0.030488
0.031361
0.032234
0.031530
0.030582
0.029634
0.028686
0.030238
0.032486
0.034734
0.036714
0.038373
0.040032
0.041317
0.042394
0.042521
0.039529
0.037816
0.044719
0.049283
0.050397
0.052381
0.065110
0.082484
0.092429
0.111367
0.132493
0.168987
0.173713
0.192079
0.201526
0.219239
0.223924
0.255286
0.274393
0.323376
0.347933
0.309622
0.399271
0.549577
0.715425
1.557541
5.738753
127.308450
1632.749172
68596.710746
11149.497738
2377.735790
68.234471
2.605838
0.065915
0.011196
0.003870
0.036823
0.102578
0.109876
0.141318
0.229002
0.302696
0.340406
0.422213
0.549113
0.610731
0.737335
0.710653
0.783066
0.918015
1.180778
1.379293
1.475587
1.493595
1.642805
1.751211
1.778045
1.830147
1.901941
2.266373
2.593832
2.762011
2.560896
2.472110
2.579425
2.573836
2.833271
2.733845
2.872017
2.454297
2.666534
2.615876
2.401303
2.467710
2.774537
3.010049
2.915411
2.494283
3.031596
2.974522
3.105363
3.328746
3.253919
3.556757
3.752773
3.991100
4.116431
4.313528
4.529846
4.497459
4.619985
4.740859
4.916479
5.188494
5.356486
5.426015
5.760208
5.786322
5.931088
5.913316
5.968207
5.997633
6.377325
6.631005
6.676129
7.097962
7.203214
7.464608
7.751552
7.975449
8.165800
8.263089
8.761960
9.348024
10.598841
11.893254
13.709810
15.267306
17.526289
19.686512
21.674538
26.050434
30.599469
34.582750
38.122138
43.002622
46.341544
48.913511
51.361467
51.406627
51.520708
51.210907
51.385278
50.673013
49.530159
50.252485
49.555937
47.868901
