0.655727
0.655727
0.655727
0.655727
0.655727
0.655727
0.629754
0.550756
0.471758
0.392760
0.313762
0.234764
0.155766
0.123092
0.114056
0.105021
0.095985
0.086950
0.077915
0.068879
0.065027
0.061198
0.057369
0.053541
0.049712
0.045883
0.042614
0.040487
0.038360
0.036233
0.034106
0.031979
0.029852
0.029109
0.029073
0.029037
0.029001
0.028965
0.028929
0.028893
0.029437
0.029983
0.030530
0.031077
0.031623
0.032170
0.032215
0.031238
0.030260
0.029282
0.028305
0.027327
0.026350
0.026663
0.027635
0.028607
0.029579
0.030551
0.031524
0.032187
0.032014
0.031841
0.031667
0.031494
0.031465
0.032411
0.033356
0.034301
0.034963
0.033731
0.032498
0.031266
0.033195
0.035892
0.038540
0.038146
0.037752
0.039615
0.042971
0.046994
0.051466
0.054561
0.058253
0.064136
0.078284
0.093805
0.118739
0.136880
0.155111
0.164118
0.190984
0.216132
0.210447
0.229681
0.257232
0.268946
0.300603
0.330397
0.337128
0.379642
0.402608
0.433480
0.551524
0.850088
1.380811
2.118249
3.350858
4.357469
3.810098
1.759540
0.710185
0.319308
0.188122
0.198786
0.297332
0.633428
1.113877
1.186735
1.212487
1.353650
1.597669
1.745144
2.201810
2.549858
3.055954
2.988267
3.074332
3.406477
3.655692
3.931766
3.842473
3.990036
4.247396
4.847887
5.758330
6.819708
6.871867
7.449269
7.720350
7.833546
7.770225
7.335047
7.407251
7.529860
7.771138
7.714569
7.280278
6.987166
6.897854
6.540475
6.108020
6.087617
5.408772
5.776057
5.628872
5.585624
5.707378
5.726162
5.818997
5.834731
5.816507
5.861129
6.126635
6.425784
6.847699
7.151434
7.407487
7.759403
8.014111
8.580588
8.809365
9.232980
9.594745
9.883326
10.348450
10.684193
10.832276
11.290090
11.488130
11.625577
11.709258
11.987509
12.622385
13.334141
13.760354
14.167736
14.636455
15.462575
15.739777
16.110434
16.509423
17.442356
19.152061
21.553457
24.152476
27.900872
31.711026
36.093555
41.173433
46.760821
53.078204
61.378127
72.709848
83.028702
92.847354
102.337715
112.622041
118.151781
121.544126
121.210801
123.368284
120.305408
119.639792
118.909841
120.151842
115.982016
115.984282
