0.655727
0.655727
0.655727
0.655727
0.655727
0.655727
0.629608
0.550168
0.470728
0.391288
0.311848
0.232408
0.152968
0.120328
0.111572
0.102815
0.094059
0.085302
0.076546
0.067789
0.063849
0.059931
0.056012
0.052094
0.048176
0.044257
0.040977
0.039001
0.037024
0.035047
0.033071
0.031094
0.029117
0.028697
0.029070
0.029444
0.029817
0.030191
0.030565
0.030938
0.030150
0.029357
0.028564
0.027771
0.026977
0.026184
0.025802
0.026257
0.026713
0.027169
0.027625
0.028080
0.028536
0.029330
0.030296
0.031263
0.032229
0.033196
0.034163
0.034596
0.033520
0.032443
0.031366
0.030290
0.029623
0.031580
0.033537
0.035494
0.037469
0.039708
0.041948
0.044188
0.044017
0.043211
0.042404
0.043311
0.044312
0.045515
0.046902
0.048148
0.049250
0.056567
0.065147
0.071565
0.078862
0.086379
0.101454
0.127313
0.145006
0.165098
0.186085
0.203878
0.222593
0.235718
0.273024
0.278167
0.319338
0.348674
0.343093
0.339343
0.404155
0.486691
0.468563
0.529027
0.505983
0.577838
0.682380
0.692161
0.757354
0.769412
0.756398
0.852548
0.877294
0.989019
1.106249
1.206106
1.475150
1.790678
1.883062
2.173158
2.405851
2.561518
2.803362
3.210089
3.700839
3.948674
4.031225
4.141348
4.288315
4.559932
4.491783
4.698389
4.761037
5.592411
6.613415
8.061385
8.190814
8.491865
8.612119
9.119649
9.134056
9.365546
8.693332
8.878184
8.082883
9.221359
8.794159
8.201623
8.014690
7.959718
7.567764
7.243124
7.090525
6.944375
6.637402
6.716348
6.531863
6.520842
6.473755
6.526184
6.327533
6.278761
6.470528
6.702326
7.107465
7.703446
7.922259
8.245161
8.632567
8.898995
9.265738
9.731544
10.183319
10.571895
10.924737
11.052499
11.540950
11.947247
11.932784
12.332563
12.313078
12.532287
13.087339
13.895935
14.604183
15.130109
15.773370
16.168589
16.569911
17.188690
17.689590
18.803008
20.706966
23.408567
26.626649
30.082577
34.335781
38.989067
44.278385
50.873222
57.330769
65.013524
76.908997
89.592223
101.890250
112.774396
122.141838
129.124901
130.323698
130.822667
131.905929
131.723793
131.266970
130.307194
128.828371
127.168752
