0.655727
0.655727
0.655727
0.655727
0.655727
0.655727
0.629921
0.551430
0.472939
0.394448
0.315958
0.237467
0.158976
0.126413
0.117287
0.108161
0.099034
0.089908
0.080782
0.071656
0.067633
0.063632
0.059632
0.055632
0.051632
0.047631
0.044030
0.041244
0.038458
0.035672
0.032886
0.030100
0.027314
0.026529
0.026766
0.027002
0.027239
0.027476
0.027712
0.027949
0.027987
0.028024
0.028061
0.028097
0.028134
0.028171
0.028213
0.028264
0.028315
0.028365
0.028416
0.028467
0.028518
0.028591
0.028675
0.028759
0.028843
0.028927
0.029011
0.029293
0.030353
0.031412
0.032472
0.033531
0.034418
0.034461
0.034504
0.034548
0.034523
0.033982
0.033442
0.032901
0.033758
0.035112
0.036465
0.037006
0.037515
0.036426
0.034515
0.037195
0.041896
0.047513
0.054655
0.063888
0.075091
0.086297
0.113141
0.128886
0.150880
0.157727
0.175338
0.194498
0.228495
0.251279
0.259192
0.266087
0.295686
0.285348
0.284487
0.369903
0.583989
0.756044
1.187491
6.413880
64.335395
2088.080389
2259.915244
1202.083596
596.247504
344.293319
145.791208
47.224256
0.596140
0.037054
0.005916
0.004362
0.114561
0.317582
0.606331
0.661635
0.871814
1.208988
1.418469
1.654157
1.823666
2.013258
2.179600
2.581428
2.701008
3.043882
3.078281
3.134437
3.453294
3.712110
4.556256
5.075256
5.497788
5.146772
5.554306
5.678232
5.732675
5.226359
5.125342
4.900684
4.858920
4.944034
5.034467
4.848052
4.633965
4.694175
4.730304
4.511266
4.557919
4.627788
4.608310
4.515188
4.644525
4.636636
4.620436
4.812838
4.813401
4.815810
4.930923
5.255870
5.575240
5.877702
6.076157
6.380770
6.604898
6.911572
7.248829
7.467692
7.771539
8.117008
8.284476
8.558714
8.835897
8.997785
9.197510
9.236389
9.321883
9.602811
10.187429
10.803125
11.031975
11.430973
11.804380
12.145777
12.618328
12.840306
13.306285
13.796574
14.858878
16.786944
19.312357
21.622199
24.731794
28.290990
32.062205
36.024749
40.673904
48.217314
56.142085
63.400419
72.153609
78.651794
84.987888
89.373377
91.445590
91.598057
92.379918
93.025521
91.934121
91.336152
90.297884
90.376469
86.905436
