0.655727
0.655727
0.655727
0.655727
0.655727
0.655727
0.630414
0.553425
0.476435
0.399446
0.322456
0.245467
0.168477
0.136567
0.127661
0.118754
0.109848
0.100942
0.092036
0.083130
0.077758
0.072402
0.067046
0.061690
0.056334
0.050979
0.046365
0.043267
0.040168
0.037070
0.033972
0.030873
0.027775
0.026760
0.026808
0.026857
0.026905
0.026953
0.027002
0.027050
0.026450
0.025846
0.025243
0.024640
0.024037
0.023434
0.023236
0.023867
0.024498
0.025129
0.025760
0.026391
0.027021
0.027372
0.027580
0.027788
0.027996
0.028203
0.028411
0.028661
0.029372
0.030084
0.030795
0.031506
0.032218
0.032612
0.032811
0.033010
0.033208
0.032646
0.031291
0.029936
0.028582
0.032577
0.036871
0.041165
0.038248
0.035000
0.033546
0.034438
0.036891
0.042686
0.045802
0.046652
0.060738
0.067252
0.074677
0.094470
0.117575
0.143531
0.152972
0.164876
0.181681
0.219485
0.231294
0.233144
0.248726
0.255382
0.303340
0.315364
0.315611
0.340696
0.384187
0.482367
0.514531
0.560881
0.600745
0.631632
0.659431
0.527171
0.375265
0.316158
0.296987
0.274719
0.274677
0.313354
0.334735
0.327706
0.414716
0.418040
0.408920
0.465260
0.460529
0.489424
0.562684
0.599129
0.597951
0.628164
0.677022
0.732412
0.700225
0.663844
0.761361
0.820669
0.883882
0.996342
1.073075
1.095758
1.114151
1.076359
1.136669
1.159811
1.168436
1.195281
1.197648
1.207723
1.227056
1.246371
1.270724
1.225426
1.226151
1.266708
1.267985
1.254485
1.218225
1.246047
1.175751
1.152862
1.147849
1.139075
1.148159
1.172824
1.182445
1.258076
1.299048
1.346674
1.395632
1.446535
1.485978
1.482081
1.617331
1.665363
1.683225
1.648833
1.612400
1.569159
1.558128
1.501622
1.413834
1.342283
1.260516
1.276254
1.291396
1.317935
1.365155
1.409177
1.429391
1.444281
1.488787
1.570183
1.601543
1.633300
1.732214
1.836392
1.962352
2.102595
2.232356
2.417628
2.637996
2.899258
3.183650
3.469542
3.934187
4.181295
4.653751
5.188601
5.499298
5.790184
5.876770
5.857028
5.943748
5.777100
5.795028
5.284857
4.974564
4.684707
