0.655727
0.655727
0.655727
0.655727
0.655727
0.655727
0.630711
0.554625
0.478540
0.402454
0.326368
0.250282
0.174196
0.143515
0.136003
0.128492
0.120981
0.113470
0.105959
0.098448
0.091903
0.085362
0.078822
0.072282
0.065741
0.059201
0.053581
0.049841
0.046101
0.042361
0.038620
0.034880
0.031140
0.029432
0.028761
0.028090
0.027419
0.026748
0.026077
0.025406
0.025262
0.025121
0.024979
0.024838
0.024697
0.024555
0.024454
0.024436
0.024418
0.024399
0.024381
0.024363
0.024344
0.024169
0.023915
0.023660
0.023405
0.023150
0.022896
0.022641
0.023273
0.023910
0.024547
0.025183
0.025820
0.026457
0.026316
0.026162
0.026009
0.025855
0.025889
0.026330
0.026771
0.027213
0.027675
0.028162
0.028649
0.029688
0.032505
0.035322
0.037394
0.038307
0.039222
0.041181
0.043139
0.047966
0.053642
0.064098
0.074483
0.084740
0.093191
0.115575
0.135767
0.149675
0.168284
0.204309
0.212833
0.226035
0.236306
0.267512
0.284379
0.285924
0.305660
0.336392
0.355357
0.360992
0.392810
0.433508
0.411698
0.405456
0.431916
0.489749
0.475971
0.543994
0.542385
0.495729
0.516895
0.559472
0.570043
0.559679
0.579882
0.620948
0.662974
0.628620
0.616127
0.560700
0.627499
0.609751
0.642168
0.638525
0.673779
0.761780
0.804785
0.863457
0.913287
0.970443
1.037124
1.070514
1.088114
1.123714
1.170372
1.209800
1.249509
1.268249
1.308549
1.337913
1.399651
1.465893
1.513798
1.569419
1.667850
1.699797
1.792305
1.878848
1.924932
2.005599
1.989489
2.102725
2.148425
2.232074
2.317450
2.502390
2.634402
2.766648
2.865861
3.034419
3.097555
3.248409
3.344383
3.433125
3.531416
3.544702
3.627450
3.652386
3.739942
3.627954
3.687983
3.747289
3.697140
3.700409
3.621511
3.803502
3.909182
4.030047
4.154104
4.330268
4.447592
4.572457
4.718670
4.777443
4.836355
5.062579
5.770126
6.461391
7.102956
8.058888
8.784931
9.627596
10.414811
12.046888
13.691672
