0.655727
0.655727
0.655727
0.655727
0.655727
0.655727
0.630275
0.552861
0.475447
0.398033
0.320620
0.243206
0.165792
0.140789
0.142531
0.144274
0.146016
0.147759
0.149502
0.151244
0.148407
0.145549
0.142691
0.139833
0.136974
0.134116
0.128163
0.115890
0.103618
0.091345
0.079073
0.066800
0.054528
0.047453
0.043031
0.038609
0.034187
0.029764
0.025342
0.020920
0.021396
0.021894
0.022392
0.022890
0.023388
0.023886
0.024118
0.023808
0.023499
0.023189
0.022879
0.022570
0.022260
0.022240
0.022367
0.022495
0.022622
0.022749
0.022877
0.023004
0.023424
0.023846
0.024267
0.024689
0.025110
0.025532
0.025585
0.024886
0.024187
0.023488
0.022789
0.022090
0.021391
0.021574
0.022206
0.022838
0.023471
0.024103
0.024735
0.025368
0.026316
0.027265
0.028214
0.029163
0.030112
0.031061
0.032040
0.033050
0.034060
0.035070
0.036080
0.037091
0.039051
0.041096
0.043141
0.045186
0.047356
0.049615
0.051874
0.054133
0.055633
0.057040
0.058447
0.060658
0.063499
0.066341
0.069016
0.071491
0.073966
0.077072
0.080617
0.084161
0.089366
0.095248
0.101131
0.104921
0.108392
0.111864
0.117481
0.123252
0.129022
0.133675
0.138120
0.142566
0.145893
0.147841
0.149789
0.151737
0.153054
0.154001
0.154947
0.155894
0.155479
0.149981
0.144482
0.138983
0.133484
0.127985
0.125522
0.124628
0.123733
0.122839
0.121944
0.121050
0.118738
0.116045
0.113351
0.110657
0.107963
0.105270
0.102712
0.100869
0.099026
0.097183
0.095339
0.093496
0.091653
0.089522
0.087122
0.084721
0.082321
0.079920
0.077520
0.075141
0.073945
0.072748
0.071551
0.070355
0.069158
0.067961
0.068010
0.069212
0.070414
0.071615
0.072817
0.074019
0.075221
0.075349
0.075357
0.075364
0.075372
0.075379
0.075387
0.076269
0.080036
0.083803
0.087570
0.091337
0.095103
0.098870
0.106292
0.116712
0.127131
0.137551
0.147971
0.158391
0.168811
0.158239
0.144877
0.131514
0.118152
0.104790
0.091428
0.079746
0.074162
0.068578
0.062994
0.057410
0.051826
0.046242
0.043725
0.043725
0.043725
0.043725
0.043725
0.043725
0.043725
