0.655727
0.655727
0.655727
0.655727
0.655727
0.655727
0.630603
0.554190
0.477776
0.401362
0.324948
0.248534
0.172120
0.140669
0.132163
0.123656
0.115150
0.106643
0.098137
0.089630
0.084130
0.078644
0.073158
0.067671
0.062185
0.056698
0.051934
0.048643
0.045352
0.042062
0.038771
0.035480
0.032189
0.030954
0.030769
0.030583
0.030397
0.030211
0.030025
0.029839
0.029190
0.028539
0.027887
0.027236
0.026585
0.025933
0.025510
0.025554
0.025598
0.025641
0.025685
0.025728
0.025772
0.025730
0.025646
0.025561
0.025476
0.025392
0.025307
0.025225
0.025651
0.026078
0.026504
0.026931
0.027357
0.027778
0.028190
0.028601
0.029013
0.029424
0.029956
0.030489
0.031023
0.031423
0.031661
0.031900
0.032770
0.034637
0.036504
0.037574
0.038409
0.039734
0.041520
0.044436
0.048229
0.059546
0.070966
0.081010
0.087963
0.107206
0.117955
0.157938
0.187716
0.168238
0.185841
0.210108
0.236558
0.263324
0.260242
0.297824
0.281784
0.321222
0.357864
0.369643
0.350952
0.374708
0.407851
0.437608
0.433229
0.454456
0.463650
0.432883
0.441225
0.503082
0.545542
0.552346
0.553247
0.635126
0.695437
0.680709
0.680357
0.660149
0.616862
0.670295
0.746671
0.721548
0.770814
0.792988
0.778876
0.786583
0.869333
0.857963
0.924565
0.948804
1.005224
1.164924
1.246661
1.286019
1.350687
1.370012
1.431827
1.484806
1.607651
1.717447
1.732377
1.814893
1.884559
1.930827
1.982013
2.076913
2.157876
2.239284
2.300067
2.426769
2.571183
2.657764
2.772467
2.783912
2.889766
2.976996
3.156639
3.464140
3.678154
3.933998
4.103326
4.193781
4.511158
4.704807
4.815493
4.983820
5.142585
5.197924
5.216778
5.334429
5.417202
5.460726
5.469315
5.513698
5.577919
5.578698
5.694853
5.971238
6.387974
6.592389
6.931386
7.086744
7.407481
7.482194
7.660382
7.665256
7.603284
8.014756
8.755106
9.787957
10.956687
12.205301
13.511499
14.637948
16.257942
19.538360
23.130684
26.969282
30.878140
34.258727
38.554680
41.380610
42.443110
43.826081
42.761947
41.303102
41.597536
40.339661
