0.668379
0.668379
0.668379
0.668379
0.668379
0.668379
0.668379
0.668379
0.668379
0.668379
0.668379
0.668379
0.668379
0.668379
0.668379
0.668379
0.668379
0.668379
0.668379
0.668379
0.668379
0.668379
0.668379
0.668379
0.668379
0.668379
0.668379
0.668379
0.668379
0.668379
0.668379
0.668379
0.668379
0.668379
0.668379
0.668379
0.668379
0.668379
0.668379
0.668379
0.668379
0.668379
0.668379
0.668379
0.668379
0.668379
0.668379
0.668379
0.668379
0.668379
0.668379
0.668379
0.668379
0.668379
0.668379
0.668379
0.668379
0.668379
0.668379
0.668379
0.668379
0.668379
0.668379
0.668379
0.668379
0.668379
0.668379
0.668379
0.668379
0.661844
0.655164
0.648484
0.641804
0.635124
0.628444
0.621764
0.615084
0.608404
0.601724
0.595044
0.588364
0.581684
0.575004
0.568324
0.561644
0.554964
0.548284
0.541604
0.534924
0.528244
0.521564
0.514884
0.508204
0.501524
0.494844
0.488164
0.481484
0.474804
0.468124
0.461444
0.454764
0.448084
0.441404
0.434724
0.428045
0.421365
0.414685
0.408005
0.401325
0.394645
0.387965
0.381285
0.374605
0.367925
0.361245
0.354565
0.347885
0.341205
0.334525
0.327845
0.321165
0.314485
0.307805
0.301125
0.294445
0.287765
0.281085
0.274405
0.267725
0.261045
0.254365
0.247685
0.241005
0.234325
0.227645
0.220965
0.214285
0.207605
0.200925
0.194246
0.187566
0.180886
0.174206
0.167526
0.160846
0.154166
0.147486
0.140806
0.134126
0.133249
0.132499
0.131750
0.131001
0.130252
0.129503
0.128753
0.128004
0.127255
0.126506
0.125756
0.125007
0.124258
0.123509
0.122760
0.122010
0.121261
0.120512
0.119763
0.119014
0.118264
0.117515
0.116766
0.116017
0.115268
0.114518
0.113769
0.113020
0.112271
0.111521
0.110772
0.110023
0.109274
0.108525
0.107775
0.107026
0.106277
0.105528
0.104779
0.104029
0.103280
0.102531
0.101782
0.101032
0.100283
0.099534
0.098785
0.098036
0.097286
0.096537
0.095788
0.095039
0.094290
0.093540
0.092791
0.092042
0.091293
0.090544
0.089794
0.089045
0.088296
0.087547
0.086797
0.086048
0.085299
0.084550
0.083801
0.083051
0.082302
0.081553
0.080804
0.080055
0.079305
0.078556
0.077807
0.077058
0.076308
0.075559
0.074810
0.074061
0.073642
0.073230
0.072818
0.072407
0.071995
0.071583
0.071172
0.070760
0.070348
0.069937
0.069525
0.069113
0.068702
0.068290
0.067878
0.067466
0.067055
0.066643
0.066231
0.065820
0.065408
0.064996
0.064585
0.064173
0.063761
0.063349
0.062938
0.062526
0.062114
0.061703
0.061291
0.060879
0.060468
0.060056
0.059644
0.059233
0.058821
0.058409
0.057997
0.057586
0.057174
0.056762
0.056351
0.055939
0.055527
0.055116
0.054704
0.054292
0.053880
0.053469
0.053057
0.052645
0.052234
0.051822
0.051410
0.050999
0.050587
0.050175
0.049764
0.049352
0.048940
0.048528
0.048117
0.047705
0.047293
0.046882
0.046470
0.046058
0.045647
0.045235
0.044823
0.044411
0.044000
0.043588
0.043176
0.042765
0.042353
0.041941
0.041530
0.041118
0.040961
0.040810
0.040659
0.040509
0.040358
0.040207
0.040056
0.039905
0.039754
0.039603
0.039452
0.039301
0.039150
0.038999
0.038848
0.038697
0.038546
0.038395
0.038244
0.038093
0.037942
0.037792
0.037641
0.037490
0.037339
0.037188
0.037037
0.036886
0.036735
0.036584
0.036433
0.036282
0.036131
0.035980
0.035829
0.035678
0.035527
0.035376
0.035225
0.035075
0.034924
0.034773
0.034622
0.034471
0.034320
0.034169
0.034018
0.033867
0.033716
0.033565
0.033414
0.033263
0.033112
0.032961
0.032810
0.032659
0.032508
0.032358
0.032207
0.032056
0.031905
0.031754
0.031603
0.031452
0.031301
0.031150
0.030999
0.030848
0.030697
0.030546
0.030395
0.030244
0.030093
0.029942
0.029792
0.029641
0.029490
0.029339
0.029188
0.029037
0.029103
0.029174
0.029245
0.029315
0.029386
0.029457
0.029528
0.029599
0.029670
0.029741
0.029811
0.029882
0.029953
0.030024
0.030095
0.030166
0.030237
0.030307
0.030378
0.030449
0.030520
0.030591
0.030662
0.030733
0.030803
0.030874
0.030945
0.031016
0.031087
0.031158
0.031229
0.031299
0.031370
0.031441
0.031512
0.031583
0.031654
0.031725
0.031795
0.031866
0.031937
0.032008
0.032079
0.032150
0.032221
0.032291
0.032362
0.032433
0.032504
0.032575
0.032646
0.032716
0.032787
0.032858
0.032929
0.033000
0.033071
0.033142
0.033212
0.033283
0.033354
0.033425
0.033496
0.033567
0.033638
0.033708
0.033779
0.033850
0.033921
0.033992
0.034063
0.034134
0.034204
0.034275
0.034346
0.034417
0.034488
0.034559
0.034630
0.034700
0.034668
0.034633
0.034599
0.034564
0.034529
0.034494
0.034460
0.034425
0.034390
0.034355
0.034321
0.034286
0.034251
0.034217
0.034182
0.034147
0.034112
0.034078
0.034043
0.034008
0.033973
0.033939
0.033904
0.033869
0.033834
0.033800
0.033765
0.033730
0.033696
0.033661
0.033626
0.033591
0.033557
0.033522
0.033487
0.033452
0.033418
0.033383
0.033348
0.033314
0.033279
0.033244
0.033209
0.033175
0.033140
0.033105
0.033070
0.033036
0.033001
0.032966
0.032932
0.032897
0.032862
0.032827
0.032793
0.032758
0.032723
0.032688
0.032654
0.032619
0.032584
0.032550
0.032515
0.032480
0.032445
0.032411
0.032376
0.032341
0.032306
0.032272
0.032237
0.032202
0.032168
0.032133
0.032098
0.032063
0.032029
0.031994
0.031959
0.031924
0.032043
0.032165
0.032287
0.032408
0.032530
0.032652
0.032774
0.032896
0.033018
0.033139
0.033261
0.033383
0.033505
0.033627
0.033749
0.033871
0.033992
0.034114
0.034236
0.034358
0.034480
0.034602
0.034723
0.034845
0.034967
0.035089
0.035211
0.035333
0.035455
0.035576
0.035698
0.035820
0.035942
0.036064
0.036186
0.036307
0.036429
0.036551
0.036673
0.036795
0.036917
0.037039
0.037160
0.037282
0.037404
0.037526
0.037648
0.037770
0.037891
0.038013
0.038135
0.038257
0.038379
0.038501
0.038622
0.038744
0.038866
0.038988
0.039110
0.039232
0.039354
0.039475
0.039597
0.039719
0.039841
0.039963
0.040085
0.040206
0.040328
0.040450
0.040572
0.040694
0.040816
0.040938
0.041059
0.041181
0.041303
0.041425
0.041547
0.041669
0.041857
0.042046
0.042236
0.042425
0.042615
0.042804
0.042994
0.043184
0.043373
0.043563
0.043752
0.043942
0.044131
0.044321
0.044511
0.044700
0.044890
0.045079
0.045269
0.045458
0.045648
0.045837
0.046027
0.046217
0.046406
0.046596
0.046785
0.046975
0.047164
0.047354
0.047543
0.047733
0.047923
0.048112
0.048302
0.048491
0.048681
0.048870
0.049060
0.049249
0.049439
0.049629
0.049818
0.050008
0.050197
0.050387
0.050576
0.050766
0.050956
0.051145
0.051335
0.051524
0.051714
0.051903
0.052093
0.052282
0.052472
0.052662
0.052851
0.053041
0.053230
0.053420
0.053609
0.053799
0.053988
0.054178
0.054368
0.054557
0.054747
0.054936
0.055126
0.055315
0.055505
0.055694
0.055884
0.056074
0.056263
0.056453
0.056642
0.056832
0.056942
0.057052
0.057162
0.057272
0.057382
0.057492
0.057602
0.057712
0.057822
0.057932
0.058041
0.058151
0.058261
0.058371
0.058481
0.058591
0.058701
0.058811
0.058921
0.059031
0.059141
0.059251
0.059360
0.059470
0.059580
0.059690
0.059800
0.059910
0.060020
0.060130
0.060240
0.060350
0.060460
0.060569
0.060679
0.060789
0.060899
0.061009
0.061119
0.061229
0.061339
0.061449
0.061559
0.061669
0.061779
0.061888
0.061998
0.062108
0.062218
0.062328
0.062438
0.062548
0.062658
0.062768
0.062878
0.062988
0.063098
0.063207
0.063317
0.063427
0.063537
0.063647
0.063757
0.063867
0.063977
0.064087
0.064197
0.064307
0.064416
0.064526
0.064636
0.064746
0.064856
0.065087
0.065496
0.065906
0.066316
0.066725
0.067135
0.067544
0.067954
0.068364
0.068773
0.069183
0.069593
0.070002
0.070412
0.070822
0.071231
0.071641
0.072050
0.072460
0.072870
0.073279
0.073689
0.074099
0.074508
0.074918
0.075328
0.075737
0.076147
0.076557
0.076966
0.077376
0.077785
0.078195
0.078605
0.079014
0.079424
0.079834
0.080243
0.080653
0.081063
0.081472
0.081882
0.082291
0.082701
0.083111
0.083520
0.083930
0.084340
0.084749
0.085159
0.085569
0.085978
0.086388
0.086798
0.087207
0.087617
0.088026
0.088436
0.088846
0.089229
0.089504
0.089780
0.090055
0.090330
0.090605
0.090880
0.091155
0.091431
0.091706
0.091981
0.092256
0.092531
0.092806
0.093082
0.093357
0.093632
0.093907
0.094182
0.094457
0.094733
0.095008
0.095283
0.095558
0.095833
0.096108
0.096384
0.096659
0.096934
0.097209
0.097484
0.097759
0.098034
0.098310
0.098585
0.098860
0.099135
0.099410
0.099685
0.099961
0.100236
0.100511
0.100786
0.101061
0.101336
0.101612
0.101887
0.102162
0.102489
0.103024
0.103559
0.104094
0.104629
0.105164
0.105699
0.106234
0.106769
0.107305
0.107840
0.108375
0.108910
0.109445
0.109980
0.110515
0.111050
0.111585
0.112120
0.112655
0.113191
0.113726
0.114261
0.114796
0.115331
0.115866
0.116401
0.116936
0.117471
0.118006
0.118542
0.119077
0.119612
0.120147
0.120682
0.121217
0.121752
0.122287
0.122822
0.123570
0.124322
0.125074
0.125825
0.126577
0.127329
0.128080
0.128832
0.129584
0.130335
0.131087
0.131839
0.132590
0.133342
0.134094
0.134845
0.135597
0.136349
0.137100
0.137852
0.138604
0.139355
0.140107
0.140859
0.141610
0.142362
0.143113
0.143865
0.144617
0.145368
0.146433
0.147863
0.149293
0.150724
0.152154
0.153584
0.155014
0.156444
0.157874
0.159304
0.160734
0.162164
0.163594
0.165024
0.166454
0.167884
0.169314
0.170744
0.172174
0.173604
0.175034
0.176464
0.177894
0.179324
0.180754
0.182322
0.183964
0.185605
0.187247
0.188888
0.190530
0.192172
0.193813
0.195455
0.197096
0.198738
0.200380
0.202021
0.203663
0.205304
0.206946
0.208587
0.210229
0.211871
0.213512
0.215154
0.217586
0.220195
0.222804
0.225414
0.228023
0.230632
0.233241
0.235850
0.238460
0.241069
0.243678
0.246287
0.248897
0.251506
0.254115
0.256724
0.259333
0.261785
0.263814
0.265842
0.267871
0.269899
0.271928
0.273957
0.275985
0.278014
0.280042
0.282071
0.284099
0.286128
0.288156
0.290185
0.292213
0.295979
0.299917
0.303854
0.307792
0.311729
0.315667
0.319605
0.323542
0.327480
0.331418
0.335355
0.339293
0.343231
0.346376
0.347769
0.349161
0.350554
0.351946
0.353339
0.354731
0.356124
0.357516
0.358909
0.360302
0.361694
0.362930
0.362850
0.362769
0.362688
0.362607
0.362526
0.362445
0.362364
0.362283
0.362202
0.362121
0.362559
0.368586
0.374612
0.380639
0.386665
0.392692
0.398718
0.404745
0.410771
0.416797
0.422938
0.433092
0.443245
0.453399
0.463552
0.473706
0.483859
0.494013
0.504166
0.514320
0.520246
0.524601
0.528956
0.533312
0.537667
0.542022
0.546377
0.550733
0.554125
0.550231
0.546337
0.542443
0.538549
0.534655
0.530761
0.526867
0.523123
0.521085
0.519046
0.517008
0.514970
0.512932
0.510893
0.508855
0.511034
0.517161
0.523287
0.529413
0.535540
0.541666
0.547792
0.551694
0.552658
0.553621
0.554585
0.555548
0.556512
0.557475
0.559791
0.562564
0.565337
0.568109
0.570882
0.573654
0.579769
0.589416
0.599062
0.608709
0.618356
0.628003
0.627458
0.619555
0.611651
0.603748
0.595844
0.587941
0.593900
0.601052
0.608204
0.615357
0.622509
0.624340
0.621476
0.618613
0.615749
0.612886
0.616126
0.629833
0.643540
0.657247
0.670954
0.679185
0.680632
0.682079
0.683527
0.684974
0.676811
0.664352
0.651894
0.639436
0.629581
0.645652
0.661722
0.677793
0.693864
0.689761
0.677135
0.664508
0.651881
0.647488
0.654384
0.661281
0.668177
0.676185
0.687290
0.698395
0.709500
0.720648
0.731926
0.743204
0.754481
0.766121
0.778416
0.790712
0.803008
0.802111
0.789245
0.776380
0.763514
0.757534
0.753676
0.749818
0.754097
0.804763
0.855430
0.906097
0.915064
0.893004
0.870944
0.850623
0.865085
0.879546
0.894008
0.905691
0.914967
0.924243
0.933494
0.942255
0.951016
0.959777
0.985238
1.019962
1.054687
1.093065
1.141974
1.190883
1.239793
1.273507
1.303988
1.334469
1.348204
1.330535
1.312866
1.295196
1.236457
1.169575
1.102694
1.061922
1.095401
1.128879
1.162357
1.206858
1.257587
1.308317
1.359046
1.446461
1.537338
1.628215
1.709710
1.728746
1.747782
1.766818
1.812385
1.977345
2.142305
2.307264
2.464976
2.484485
2.503994
2.523503
2.543012
2.599237
2.664970
2.730704
2.796438
2.858174
2.915840
2.973505
3.031170
3.093287
3.181291
3.269295
3.357298
3.445302
3.422495
3.361635
3.300775
3.239916
3.154294
3.009873
2.865451
2.721029
2.576607
2.489836
2.419594
2.349352
2.279110
2.211780
2.156965
2.102149
2.047333
1.992517
1.906565
1.800829
1.695092
1.589355
1.484830
1.422065
1.359299
1.296534
1.233769
1.187373
1.159052
1.130731
1.102410
1.073621
1.037189
1.000757
0.964324
0.927892
0.869744
0.803208
0.736671
0.670135
0.631847
0.625405
0.618964
0.612522
0.602432
0.586236
0.570039
0.553843
0.535933
0.515363
0.494792
0.474222
0.463643
0.461017
0.458391
0.455765
0.448401
0.440020
0.431639
0.428080
0.441924
0.455767
0.469611
0.484276
0.499234
0.514191
0.528224
0.540734
0.553245
0.565672
0.577418
0.589165
0.600911
0.606890
0.612601
0.618312
0.642041
0.668588
0.695135
0.709773
0.722075
0.734377
0.763280
0.794761
0.826241
0.852875
0.879248
0.903598
0.894477
0.885356
0.884860
0.917335
0.949811
0.976884
0.995834
1.014784
1.016015
1.006384
0.996752
0.991274
0.986715
0.983423
1.006884
1.030346
1.058870
1.101432
1.143995
1.155725
1.136949
1.118172
1.093097
1.065694
1.038290
1.076523
1.119159
1.154549
1.129798
1.105048
1.085822
1.083335
1.080849
1.084683
1.099279
1.113875
1.131871
1.153729
1.175587
1.196405
1.216393
1.236382
1.241724
1.238962
1.236200
1.275781
1.335971
1.396161
1.451822
1.505339
1.558857
1.558952
1.531324
1.503696
1.477407
1.452203
1.426999
1.423464
1.452979
1.482494
1.497087
1.458733
1.420378
1.382024
1.403032
1.426055
1.449079
1.498481
1.559895
1.621310
1.662181
1.673380
1.669297
1.623392
1.584418
1.613049
1.641680
1.637000
1.627618
1.650724
1.690988
1.699442
1.659249
1.620092
1.591179
1.562266
1.592843
1.636315
1.659595
1.662835
1.675236
1.734918
1.794601
1.753155
1.690976
1.662662
1.668799
1.672378
1.665230
1.658081
1.649830
1.641440
1.653630
1.680494
1.704056
1.718863
1.733670
1.795467
1.858574
1.875276
1.870721
1.863081
1.850732
1.838785
1.830250
1.821716
1.935269
2.075832
2.098134
2.022711
1.972152
1.988460
2.004017
1.967124
1.930231
2.009669
2.126811
2.199231
2.223046
2.216089
2.090980
1.965871
1.966409
1.975435
2.035205
2.119882
2.175445
2.189394
2.203687
2.219939
2.236190
2.189760
2.135766
2.133852
2.161080
2.169462
2.148436
2.140765
2.214531
2.288297
2.345340
2.400117
2.424300
2.431480
2.412331
2.353522
2.296197
2.246663
2.197130
2.263862
2.339911
2.336616
2.294102
2.272058
2.279048
2.291638
2.333657
2.375675
2.412887
2.449600
2.489535
2.531217
2.554908
2.550264
2.537739
2.473124
2.408508
2.476352
2.564193
2.570209
2.521873
2.492525
2.500279
2.509982
2.546339
2.582696
2.553150
2.506038
2.488677
2.500136
2.500436
2.467827
2.435219
2.392059
2.348783
2.402211
2.495294
2.500874
2.391949
2.304241
2.321863
2.339485
2.344273
2.347344
2.334319
2.310352
2.287874
2.268584
2.248626
2.207329
2.166032
2.177535
2.207982
2.233592
2.252733
2.276328
2.332922
2.389516
2.402148
2.404227
2.454214
2.557250
2.644948
2.640368
2.635788
2.672568
2.719656
2.830359
3.017562
3.179476
3.098698
3.017920
3.052066
3.124141
3.308844
3.682962
4.057080
4.004328
3.942810
4.112768
4.447672
4.746698
4.879646
5.012593
4.958767
4.848425
4.878606
5.181011
5.483417
5.205343
4.858639
4.748415
4.952243
5.156070
5.176859
5.191777
5.239037
5.321044
5.403052
5.130667
4.851579
4.623283
4.451235
4.279187
4.249797
4.229910
4.154107
3.982879
3.811651
3.859542
3.963900
4.008816
3.818052
3.627289
3.602759
3.694089
3.785418
3.721201
3.650433
3.566626
3.453709
3.340792
3.364634
3.468731
3.572827
3.484082
3.379595
3.301355
3.338064
3.374773
3.365976
3.296457
3.226939
3.226372
3.265315
3.304259
3.253794
3.182030
3.110267
3.157321
3.209233
3.257830
3.269668
3.281506
3.295654
3.320881
3.346108
3.362923
3.349955
3.336987
3.324549
3.313907
3.303265
3.290932
3.271707
3.252481
3.233935
3.220041
3.206146
3.192252
3.149444
3.106517
3.063590
3.025885
2.989303
2.952720
2.954524
2.983549
3.012573
3.042630
3.075231
3.107832
3.140433
3.108995
3.072810
3.036625
3.006547
2.982381
2.958216
2.934355
2.944035
2.953715
2.963395
2.969816
2.971874
2.973931
2.975989
2.998782
3.024640
3.050498
3.065294
3.059925
3.054555
3.049186
3.049193
3.049764
3.050335
3.072329
3.114830
3.157331
3.188531
3.170194
3.151856
3.133519
3.157675
3.186394
3.215114
3.207488
3.179381
3.151275
3.132557
3.128893
3.125229
3.120518
3.111472
3.102426
3.095007
3.117817
3.140628
3.163438
3.147723
3.129486
3.111248
3.182019
3.269977
3.357936
3.384284
3.390756
3.397227
3.426453
3.464815
3.503176
3.491426
3.456588
3.421751
3.415098
3.422090
3.429082
3.415863
3.393687
3.371510
3.369990
3.375364
3.380738
3.356062
3.323497
3.290933
3.296131
3.307519
3.318906
3.325552
3.331852
3.338084
3.341607
3.345129
3.353243
3.393815
3.434388
3.464920
3.465406
3.465892
3.470524
3.481776
3.493027
3.480380
3.445724
3.411068
3.420901
3.455974
3.491047
3.479365
3.454740
3.430115
3.460231
3.495376
3.527297
3.507525
3.487753
3.475382
3.492312
3.509242
3.526296
3.543576
3.560857
3.570982
3.573890
3.576797
3.596060
3.624464
3.652868
3.702600
3.757449
3.812299
3.829089
3.844639
3.858988
3.864587
3.870186
3.869467
3.849958
3.830448
3.826228
3.845441
3.864655
3.870591
3.864947
3.859303
3.859367
3.862132
3.864896
3.866560
3.867940
3.869321
3.860989
3.851613
3.842238
3.887383
3.932945
3.974306
3.968941
3.963576
3.963220
3.992556
4.021892
4.050316
4.074997
4.099677
4.113113
4.090579
4.068046
4.057500
4.078604
4.099709
4.118624
4.131938
4.145253
4.161918
4.188336
4.214753
4.239649
4.258799
4.277948
4.293140
4.284701
4.276263
4.269825
4.305404
4.340983
4.376563
4.416292
4.456399
4.496506
4.517289
4.531862
4.546435
4.550545
4.546483
4.542420
4.533734
4.516065
4.498396
4.480138
4.454206
4.428274
4.402341
4.403819
4.414332
4.424844
4.442522
4.471206
4.499890
4.528396
4.548394
4.568391
4.588389
4.607800
4.626781
4.645761
4.664549
4.681524
4.698499
4.715474
4.726811
4.733320
4.739829
4.746338
4.760191
4.774771
4.789350
4.798475
4.788561
4.778647
4.768733
4.768527
4.780134
4.791742
4.803349
4.819059
4.837494
4.855929
4.874364
4.891688
4.908400
4.925112
4.941824
4.945650
4.940202
4.934754
4.929307
4.968157
5.053596
5.139034
5.224473
5.270865
5.276339
5.281813
5.287286
5.292290
5.296952
5.301613
5.306274
5.330070
5.360467
5.390864
5.421261
5.431500
5.441225
5.450949
5.469069
5.509555
5.550040
5.590526
5.656270
5.736891
5.817512
5.892189
5.862163
5.832136
5.802109
5.818144
5.874651
5.931158
5.984573
5.988468
5.992362
5.996257
6.039495
6.105902
6.172308
6.224127
6.229734
6.235342
6.240949
6.283926
6.331672
6.379419
6.410430
6.428625
6.446819
6.457182
6.446783
6.436385
6.426866
6.491214
6.555561
6.619909
6.644838
6.658515
6.672192
6.713095
6.774593
6.836092
6.875098
6.878330
6.881562
6.887417
6.902142
6.916866
6.934810
6.984452
7.034094
7.083736
7.113493
7.142721
7.171949
7.205603
7.239923
7.274242
7.299997
7.323165
7.346334
7.383023
7.425935
7.468848
7.496651
7.514893
7.533134
7.569422
7.620416
7.671410
7.694126
7.688355
7.682584
7.699153
7.742492
7.785831
7.824786
7.857695
7.890603
7.931824
7.986150
8.040477
8.078180
8.085984
8.093789
8.127585
8.215246
8.302907
8.362518
8.354649
8.346780
8.355191
8.409750
8.464310
8.504063
8.493391
8.482719
8.486414
8.550396
8.614378
8.661233
8.614985
8.568737
8.535884
8.607476
8.679069
8.746115
8.747366
8.748617
8.749868
8.824708
8.899619
8.974530
8.940016
8.897426
8.854835
8.915543
8.994077
9.072612
9.088199
9.083830
9.079462
9.081960
9.088174
9.094387
9.110719
9.136244
9.161769
9.190432
9.224199
9.257966
9.295482
9.346564
9.397647
9.448078
9.478269
9.508461
9.538652
9.503872
9.455236
9.406600
9.420553
9.477334
9.534114
9.588323
9.637485
9.686648
9.730739
9.681204
9.631668
9.582133
9.624791
9.701313
9.777836
9.818262
9.798742
9.779222
9.759702
9.803917
9.849024
9.894131
9.907600
9.896369
9.885139
9.879908
9.938848
9.997787
10.056726
10.076173
10.065576
10.054979
10.044383
10.087197
10.130194
10.173191
10.194727
10.179349
10.163970
10.148591
10.131243
10.112957
10.094671
10.076386
10.058481
10.040610
10.022738
10.007040
10.012646
10.018252
10.023858
10.032257
10.053083
10.073908
10.094734
10.118673
10.156216
10.193758
10.231301
10.266095
10.273584
10.281074
10.288563
10.296053
10.326971
10.358241
10.389511
10.420781
10.502032
10.584255
10.666478
10.748485
10.827543
10.906601
10.985658
11.042619
11.031972
11.021326
11.010680
11.068287
11.190952
11.313617
11.436283
11.503609
11.559795
11.615982
11.657462
11.645519
11.633576
11.621633
11.686727
11.793999
11.901271
11.993207
11.990175
11.987143
11.984111
12.016181
12.064732
12.113284
12.161497
12.208805
12.256113
12.303421
12.337792
12.370857
12.403922
12.455510
12.520028
12.584546
12.648189
12.709820
12.771452
12.830943
12.845825
12.860707
12.875589
12.958102
13.054658
13.151213
13.175152
13.157249
13.139345
13.159311
13.221228
13.283146
13.324904
13.326355
13.327805
13.337638
13.378626
13.419614
13.467239
13.564724
13.662209
13.755443
13.741882
13.728321
13.714760
13.765393
13.817375
13.869358
13.926710
13.984435
14.042160
14.042714
14.036801
14.030888
14.085131
14.147505
14.209879
14.262038
14.312770
14.363501
14.345514
14.318186
14.290859
14.366165
14.453837
14.541509
14.654747
14.770330
14.885913
14.858333
14.823400
14.788467
14.800563
14.813055
14.824981
14.821999
14.819017
14.820201
14.867851
14.915501
14.975061
15.113658
15.252256
15.354612
15.294318
15.234024
15.217919
15.348119
15.478319
15.559761
15.517037
15.474314
15.450071
15.463501
15.476931
15.482388
15.474556
15.466725
15.540724
15.730793
15.920862
16.032069
16.040891
16.049712
16.131288
16.300385
16.469482
16.644105
16.825063
17.006022
17.111020
17.130578
17.150135
17.172248
17.197357
17.222466
17.293829
17.423848
17.553867
17.740756
18.009647
18.278538
18.530046
18.750564
18.971081
19.176442
19.345424
19.514406
19.688125
19.879695
20.071265
20.258408
20.407696
20.556984
20.706272
21.069280
21.436050
21.802821
21.955648
22.067507
22.179365
22.400515
22.675947
22.951378
23.192294
23.394498
23.596702
23.817062
24.093929
24.370797
24.647665
24.873721
25.098865
25.324009
25.667988
26.068681
26.469375
26.802650
27.006821
27.210993
27.415164
27.671598
27.929584
28.187570
28.440540
28.689452
28.938364
29.188892
29.456589
29.724286
29.991984
30.303188
30.647409
30.991630
31.335851
31.485220
31.633523
31.781826
32.005815
32.362884
32.719954
33.077023
33.506908
33.973370
34.439832
34.906293
35.292719
35.669736
36.046752
36.421539
36.746496
37.071452
37.396409
37.732717
38.168165
38.603612
39.039060
39.458311
39.638313
39.818315
39.998318
40.178320
40.683128
41.211223
41.739317
42.267412
43.196620
44.191717
45.186813
46.181910
46.832003
47.435290
48.038576
48.641863
49.325744
50.010495
50.695246
51.408623
52.264580
53.120538
53.976496
54.811979
55.619441
56.426904
57.234366
57.994970
58.739718
59.484467
60.205855
60.771989
61.338124
61.904258
62.872116
64.136256
65.400395
66.605861
67.032268
67.458674
67.885081
68.612320
69.531523
70.450726
71.350378
72.169607
72.988835
73.808063
74.853768
75.948109
77.042450
77.707180
77.925476
78.143773
78.516111
79.512875
80.509639
81.506403
82.345288
83.173213
84.001138
85.124139
86.375730
87.627321
88.560855
89.154902
89.748950
90.152400
90.098458
90.044516
90.206815
91.819573
93.432332
95.045090
95.611489
96.166032
96.720575
97.408145
98.118166
98.828187
99.646859
100.502471
101.358083
102.064038
102.690591
103.317143
103.918905
104.502396
105.085886
105.661086
106.228386
106.795686
107.275386
107.651570
108.027754
108.522027
109.182795
109.843563
110.334239
110.549769
110.765300
110.966486
111.141975
111.317464
111.314607
110.965532
110.616457
110.403664
110.474354
110.545045
110.760702
111.293776
111.826850
112.229935
112.334838
112.439741
112.512797
112.508976
112.505156
112.462361
112.321072
112.179782
112.166559
112.492850
112.819141
112.943817
112.500019
112.056221
111.658529
111.407737
111.156946
111.180113
112.174925
113.169738
113.835834
113.145115
112.454397
111.857590
111.742433
111.627275
111.492340
111.220356
110.948372
110.685087
110.520580
110.356073
110.200286
110.407222
110.614158
110.821094
110.855119
110.880520
110.905921
110.628758
110.305629
109.982499
109.857951
109.792908
109.727864
109.415521
108.972042
108.528564
108.492041
108.832999
109.173957
109.335145
109.183109
109.031073
108.875712
108.706066
108.536420
108.366773
108.368590
108.372535
108.376480
108.569205
108.822091
109.074978
108.736459
107.803722
106.870985
106.175839
106.437598
106.699358
106.961117
106.648050
106.251187
105.854325
105.764341
105.969492
106.174643
106.328739
106.056709
105.784679
105.512649
105.332030
105.197723
105.063416
104.911258
104.675484
104.439710
104.203936
103.683014
103.000194
102.317374
101.664580
