0.668379
0.668379
0.668379
0.668379
0.668379
0.668379
0.668379
0.668379
0.668379
0.668379
0.668379
0.668379
0.668379
0.668379
0.668379
0.668379
0.668379
0.668379
0.668379
0.668379
0.668379
0.668379
0.668379
0.668379
0.668379
0.668379
0.668379
0.668379
0.668379
0.668379
0.668379
0.668379
0.668379
0.668379
0.668379
0.668379
0.668379
0.668379
0.668379
0.668379
0.668379
0.668379
0.668379
0.668379
0.668379
0.668379
0.668379
0.668379
0.668379
0.668379
0.668379
0.668379
0.668379
0.668379
0.668379
0.668379
0.668379
0.668379
0.668379
0.668379
0.668379
0.668379
0.668379
0.668379
0.668379
0.668379
0.668379
0.668379
0.668379
0.661887
0.655251
0.648615
0.641979
0.635343
0.628708
0.622072
0.615436
0.608800
0.602164
0.595529
0.588893
0.582257
0.575621
0.568985
0.562349
0.555714
0.549078
0.542442
0.535806
0.529170
0.522535
0.515899
0.509263
0.502627
0.495991
0.489355
0.482720
0.476084
0.469448
0.462812
0.456176
0.449541
0.442905
0.436269
0.429633
0.422997
0.416361
0.409726
0.403090
0.396454
0.389818
0.383182
0.376547
0.369911
0.363275
0.356639
0.350003
0.343367
0.336732
0.330096
0.323460
0.316824
0.310188
0.303553
0.296917
0.290281
0.283645
0.277009
0.270373
0.263738
0.257102
0.250466
0.243830
0.237194
0.230559
0.223923
0.217287
0.210651
0.204015
0.197379
0.190744
0.184108
0.177472
0.170836
0.164200
0.157565
0.150929
0.144293
0.137657
0.136773
0.136015
0.135258
0.134500
0.133742
0.132985
0.132227
0.131470
0.130712
0.129955
0.129197
0.128440
0.127682
0.126925
0.126167
0.125409
0.124652
0.123894
0.123137
0.122379
0.121622
0.120864
0.120107
0.119349
0.118592
0.117834
0.117076
0.116319
0.115561
0.114804
0.114046
0.113289
0.112531
0.111774
0.111016
0.110258
0.109501
0.108743
0.107986
0.107228
0.106471
0.105713
0.104956
0.104198
0.103441
0.102683
0.101925
0.101168
0.100410
0.099653
0.098895
0.098138
0.097380
0.096623
0.095865
0.095108
0.094350
0.093592
0.092835
0.092077
0.091320
0.090562
0.089805
0.089047
0.088290
0.087532
0.086775
0.086017
0.085259
0.084502
0.083744
0.082987
0.082229
0.081472
0.080714
0.079957
0.079199
0.078441
0.077684
0.076926
0.076501
0.076083
0.075665
0.075247
0.074829
0.074411
0.073994
0.073576
0.073158
0.072740
0.072322
0.071904
0.071486
0.071068
0.070650
0.070232
0.069814
0.069396
0.068978
0.068560
0.068142
0.067725
0.067307
0.066889
0.066471
0.066053
0.065635
0.065217
0.064799
0.064381
0.063963
0.063545
0.063127
0.062709
0.062291
0.061873
0.061456
0.061038
0.060620
0.060202
0.059784
0.059366
0.058948
0.058530
0.058112
0.057694
0.057276
0.056858
0.056440
0.056022
0.055604
0.055187
0.054769
0.054351
0.053933
0.053515
0.053097
0.052679
0.052261
0.051843
0.051425
0.051007
0.050589
0.050171
0.049753
0.049335
0.048918
0.048500
0.048082
0.047664
0.047246
0.046828
0.046410
0.045992
0.045574
0.045156
0.044738
0.044320
0.043902
0.043484
0.043292
0.043104
0.042916
0.042728
0.042540
0.042352
0.042164
0.041976
0.041788
0.041601
0.041413
0.041225
0.041037
0.040849
0.040661
0.040473
0.040285
0.040097
0.039910
0.039722
0.039534
0.039346
0.039158
0.038970
0.038782
0.038594
0.038406
0.038218
0.038031
0.037843
0.037655
0.037467
0.037279
0.037091
0.036903
0.036715
0.036527
0.036340
0.036152
0.035964
0.035776
0.035588
0.035400
0.035212
0.035024
0.034836
0.034649
0.034461
0.034273
0.034085
0.033897
0.033709
0.033521
0.033333
0.033145
0.032957
0.032770
0.032582
0.032394
0.032206
0.032018
0.031830
0.031642
0.031454
0.031266
0.031079
0.030891
0.030703
0.030515
0.030327
0.030139
0.029951
0.029763
0.029575
0.029388
0.029200
0.029012
0.028824
0.028636
0.028448
0.028491
0.028539
0.028587
0.028635
0.028683
0.028731
0.028778
0.028826
0.028874
0.028922
0.028970
0.029018
0.029066
0.029114
0.029162
0.029210
0.029258
0.029306
0.029354
0.029402
0.029450
0.029497
0.029545
0.029593
0.029641
0.029689
0.029737
0.029785
0.029833
0.029881
0.029929
0.029977
0.030025
0.030073
0.030121
0.030169
0.030216
0.030264
0.030312
0.030360
0.030408
0.030456
0.030504
0.030552
0.030600
0.030648
0.030696
0.030744
0.030792
0.030840
0.030888
0.030935
0.030983
0.031031
0.031079
0.031127
0.031175
0.031223
0.031271
0.031319
0.031367
0.031415
0.031463
0.031511
0.031559
0.031607
0.031654
0.031702
0.031750
0.031798
0.031846
0.031894
0.031942
0.031990
0.032038
0.032086
0.032134
0.032182
0.032230
0.032278
0.032311
0.032344
0.032377
0.032410
0.032443
0.032476
0.032509
0.032542
0.032575
0.032608
0.032642
0.032675
0.032708
0.032741
0.032774
0.032807
0.032840
0.032873
0.032906
0.032939
0.032972
0.033005
0.033038
0.033071
0.033104
0.033137
0.033170
0.033203
0.033236
0.033270
0.033303
0.033336
0.033369
0.033402
0.033435
0.033468
0.033501
0.033534
0.033567
0.033600
0.033633
0.033666
0.033699
0.033732
0.033765
0.033798
0.033831
0.033865
0.033898
0.033931
0.033964
0.033997
0.034030
0.034063
0.034096
0.034129
0.034162
0.034195
0.034228
0.034261
0.034294
0.034327
0.034360
0.034393
0.034426
0.034459
0.034493
0.034526
0.034559
0.034592
0.034625
0.034658
0.034691
0.034724
0.034757
0.034790
0.034823
0.034856
0.034889
0.034922
0.034966
0.035010
0.035055
0.035099
0.035143
0.035187
0.035231
0.035275
0.035320
0.035364
0.035408
0.035452
0.035496
0.035540
0.035585
0.035629
0.035673
0.035717
0.035761
0.035806
0.035850
0.035894
0.035938
0.035982
0.036026
0.036071
0.036115
0.036159
0.036203
0.036247
0.036292
0.036336
0.036380
0.036424
0.036468
0.036512
0.036557
0.036601
0.036645
0.036689
0.036733
0.036777
0.036822
0.036866
0.036910
0.036954
0.036998
0.037043
0.037087
0.037131
0.037175
0.037219
0.037263
0.037308
0.037352
0.037396
0.037440
0.037484
0.037528
0.037573
0.037617
0.037661
0.037705
0.037749
0.037794
0.037838
0.037882
0.037926
0.037970
0.038014
0.038059
0.038103
0.038147
0.038191
0.038235
0.038280
0.038324
0.038368
0.038412
0.038456
0.038648
0.038843
0.039038
0.039233
0.039428
0.039623
0.039818
0.040013
0.040207
0.040402
0.040597
0.040792
0.040987
0.041182
0.041377
0.041572
0.041767
0.041962
0.042157
0.042352
0.042547
0.042742
0.042937
0.043132
0.043327
0.043522
0.043716
0.043911
0.044106
0.044301
0.044496
0.044691
0.044886
0.045081
0.045276
0.045471
0.045666
0.045861
0.046056
0.046251
0.046446
0.046641
0.046836
0.047031
0.047225
0.047420
0.047615
0.047810
0.048005
0.048200
0.048395
0.048590
0.048785
0.048980
0.049175
0.049370
0.049565
0.049760
0.049955
0.050150
0.050345
0.050540
0.050734
0.050929
0.051124
0.051319
0.051514
0.051709
0.051904
0.052099
0.052294
0.052489
0.052684
0.052879
0.053074
0.053269
0.053464
0.053659
0.053854
0.054049
0.054158
0.054265
0.054372
0.054479
0.054587
0.054694
0.054801
0.054908
0.055016
0.055123
0.055230
0.055337
0.055445
0.055552
0.055659
0.055766
0.055874
0.055981
0.056088
0.056195
0.056303
0.056410
0.056517
0.056624
0.056732
0.056839
0.056946
0.057053
0.057161
0.057268
0.057375
0.057482
0.057590
0.057697
0.057804
0.057911
0.058019
0.058126
0.058233
0.058340
0.058448
0.058555
0.058662
0.058769
0.058877
0.058984
0.059091
0.059198
0.059306
0.059413
0.059520
0.059627
0.059735
0.059842
0.059949
0.060056
0.060164
0.060271
0.060378
0.060485
0.060592
0.060700
0.060807
0.060914
0.061021
0.061129
0.061236
0.061343
0.061450
0.061558
0.061665
0.061772
0.061879
0.061987
0.062136
0.062470
0.062805
0.063139
0.063473
0.063807
0.064141
0.064476
0.064810
0.065144
0.065478
0.065812
0.066147
0.066481
0.066815
0.067149
0.067484
0.067818
0.068152
0.068486
0.068820
0.069155
0.069489
0.069823
0.070157
0.070491
0.070826
0.071160
0.071494
0.071828
0.072162
0.072497
0.072831
0.073165
0.073499
0.073834
0.074168
0.074502
0.074836
0.075170
0.075505
0.075839
0.076173
0.076507
0.076841
0.077176
0.077510
0.077844
0.078178
0.078513
0.078847
0.079181
0.079515
0.079849
0.080184
0.080518
0.080852
0.081186
0.081520
0.081855
0.082189
0.082523
0.082857
0.083191
0.083525
0.083860
0.084194
0.084528
0.084862
0.085196
0.085530
0.085864
0.086198
0.086533
0.086867
0.087201
0.087535
0.087869
0.088203
0.088537
0.088872
0.089206
0.089540
0.089874
0.090208
0.090542
0.090876
0.091211
0.091545
0.091879
0.092213
0.092547
0.092881
0.093215
0.093549
0.093884
0.094218
0.094552
0.094886
0.095220
0.095554
0.095888
0.096223
0.096557
0.096891
0.097225
0.097559
0.097893
0.098343
0.098875
0.099407
0.099939
0.100471
0.101003
0.101535
0.102067
0.102599
0.103131
0.103663
0.104195
0.104727
0.105259
0.105791
0.106323
0.106855
0.107387
0.107919
0.108450
0.108982
0.109514
0.110046
0.110578
0.111110
0.111642
0.112174
0.112706
0.113238
0.113770
0.114302
0.114834
0.115366
0.115898
0.116430
0.116962
0.117494
0.118025
0.118496
0.118953
0.119410
0.119867
0.120324
0.120780
0.121237
0.121694
0.122151
0.122608
0.123065
0.123522
0.123979
0.124436
0.124893
0.125350
0.125807
0.126264
0.126720
0.127177
0.127634
0.128091
0.128548
0.129005
0.129462
0.129919
0.130376
0.130833
0.131290
0.131747
0.132875
0.134468
0.136061
0.137654
0.139248
0.140841
0.142434
0.144027
0.145620
0.147214
0.148807
0.150400
0.151993
0.153587
0.155180
0.156773
0.158366
0.159960
0.161553
0.163146
0.164739
0.166332
0.167926
0.169519
0.171123
0.172779
0.174436
0.176093
0.177749
0.179406
0.181062
0.182719
0.184376
0.186032
0.187689
0.189345
0.191002
0.192659
0.194315
0.195972
0.197628
0.199285
0.200942
0.202598
0.204255
0.206963
0.209833
0.212703
0.215572
0.218442
0.221312
0.224181
0.227051
0.229920
0.232790
0.235660
0.238529
0.241399
0.244269
0.247138
0.250008
0.252878
0.256098
0.259464
0.262829
0.266195
0.269560
0.272926
0.276291
0.279657
0.283022
0.286461
0.292471
0.298481
0.304491
0.310501
0.316511
0.322521
0.328530
0.334540
0.340240
0.343452
0.346664
0.349876
0.353088
0.356300
0.359512
0.362724
0.365935
0.368802
0.371563
0.374324
0.377084
0.379845
0.382606
0.385366
0.388127
0.391384
0.394650
0.397916
0.401182
0.404449
0.407715
0.410981
0.415957
0.421970
0.427983
0.433996
0.440009
0.446022
0.452035
0.455451
0.457653
0.459856
0.462058
0.464261
0.466463
0.467870
0.465043
0.462216
0.459389
0.456562
0.453735
0.450908
0.451805
0.452813
0.453822
0.454830
0.455839
0.456927
0.458726
0.460524
0.462323
0.464122
0.465921
0.466832
0.466963
0.467095
0.467226
0.467357
0.468472
0.472451
0.476430
0.480410
0.484389
0.489281
0.497089
0.504898
0.512706
0.520514
0.528444
0.536527
0.544610
0.552693
0.560776
0.551206
0.538106
0.525005
0.511905
0.511620
0.529624
0.547628
0.565633
0.580299
0.576230
0.572162
0.568093
0.564418
0.566623
0.568829
0.571034
0.573113
0.574360
0.575606
0.576853
0.579763
0.585950
0.592137
0.598324
0.604725
0.611234
0.617744
0.622604
0.613429
0.604253
0.595078
0.603009
0.619679
0.636349
0.646190
0.641685
0.637180
0.633476
0.639211
0.644945
0.650680
0.658906
0.667371
0.675837
0.651286
0.620260
0.589234
0.592007
0.601296
0.610585
0.622065
0.633710
0.643318
0.633104
0.622890
0.624693
0.652333
0.679974
0.699003
0.712680
0.726356
0.726422
0.726047
0.723335
0.716820
0.710305
0.713580
0.718402
0.724284
0.731831
0.739378
0.752412
0.765826
0.780897
0.797400
0.805532
0.778033
0.750534
0.762034
0.779312
0.799260
0.821152
0.825596
0.789176
0.754014
0.741710
0.729405
0.758754
0.797422
0.816025
0.820582
0.828701
0.842642
0.859589
0.888745
0.919191
1.018114
1.117036
1.172718
1.218006
1.236424
1.234670
1.241492
1.266149
1.292810
1.355400
1.417989
1.449317
1.470367
1.540532
1.672956
1.811675
2.011073
2.210472
2.316122
2.383046
2.536100
3.012962
3.489824
3.856684
4.165515
4.474345
5.525761
6.577322
7.921809
10.189780
12.457751
14.586198
16.417083
18.247968
20.392845
23.429285
26.465724
29.087932
29.555855
30.023777
30.491700
37.689631
45.405425
53.121219
73.442101
103.153169
132.864237
178.317684
390.818572
603.319459
815.820347
882.088400
769.254622
656.420844
543.587066
500.276899
484.855480
469.434060
454.012641
434.390012
413.870326
393.350640
372.830955
341.715142
307.210656
272.706169
238.201683
216.331604
203.780340
191.229077
178.677813
168.141075
169.646669
171.152263
172.657857
174.163451
167.032940
151.146966
135.260992
119.375018
103.489044
95.319952
91.969060
88.618169
85.267277
81.916385
79.655698
78.454743
77.253787
76.052831
74.851876
74.227986
77.262356
80.296726
83.331096
86.365466
89.399836
88.901587
87.102320
85.303053
83.503786
81.704520
80.249888
79.353478
78.457069
77.560659
76.664250
75.730840
74.304347
72.877855
71.451363
70.024871
68.598379
65.297840
61.232595
57.167351
53.102106
49.036861
44.606267
39.563812
34.521358
29.478903
24.436448
19.393994
16.047989
12.721149
9.394310
6.067470
2.740630
1.382563
1.168795
0.955027
0.741260
0.527492
0.388146
0.346909
0.305672
0.264436
0.223199
0.186812
0.154397
0.121983
0.089568
0.057606
0.050508
0.043409
0.036311
0.029213
0.028853
0.029116
0.029378
0.030284
0.033160
0.036036
0.038912
0.041614
0.044297
0.046981
0.052624
0.058935
0.065246
0.074738
0.084476
0.095437
0.111984
0.128530
0.145266
0.162159
0.179088
0.199486
0.219883
0.228858
0.228997
0.232784
0.250937
0.269090
0.290283
0.311664
0.331727
0.351239
0.379745
0.418368
0.455943
0.490622
0.525616
0.567363
0.609109
0.668266
0.731514
0.770178
0.792124
0.793495
0.762848
0.744113
0.776809
0.809422
0.811075
0.812728
0.846387
0.888293
0.942982
1.007146
1.042233
1.026484
1.014707
1.026536
1.038366
1.049064
1.059661
1.032450
0.985076
0.953801
0.952518
0.951081
0.943395
0.935709
0.933848
0.935050
0.936712
0.939745
0.942779
0.974122
1.011418
1.044030
1.069252
1.094474
1.145198
1.198779
1.241251
1.265820
1.290389
1.258846
1.217962
1.213372
1.282349
1.351325
1.340003
1.312133
1.297352
1.313846
1.330341
1.353107
1.378059
1.393661
1.377272
1.360883
1.366859
1.382175
1.394772
1.396175
1.397578
1.386177
1.368964
1.351569
1.333433
1.315297
1.296300
1.276888
1.258634
1.246499
1.234364
1.246670
1.271549
1.296488
1.321766
1.347045
1.347061
1.332214
1.317725
1.305949
1.294172
1.318241
1.367361
1.416868
1.471436
1.526004
1.528959
1.487363
1.446633
1.440989
1.435346
1.434158
1.437876
1.441594
1.474479
1.508676
1.512817
1.482236
1.451655
1.448766
1.448202
1.452060
1.463003
1.473945
1.455868
1.432223
1.419106
1.431250
1.443393
1.483235
1.532110
1.577603
1.609471
1.641340
1.660888
1.673780
1.683946
1.668056
1.652167
1.619263
1.572668
1.526072
1.569393
1.614657
1.634192
1.614569
1.594946
1.608998
1.630242
1.658305
1.708881
1.759458
1.721197
1.636737
1.563925
1.651463
1.739002
1.809961
1.863343
1.916724
1.907280
1.889918
1.883052
1.902423
1.921794
1.938311
1.953398
1.966691
1.942720
1.918749
1.910751
1.924789
1.938826
1.987790
2.045597
2.082500
2.021599
1.960699
1.931685
1.927924
1.924163
1.902816
1.880179
1.860684
1.848285
1.835887
1.852721
1.884438
1.916154
1.944859
1.973513
1.957473
1.832735
1.707996
1.657560
1.661574
1.665588
1.694300
1.726956
1.759776
1.793639
1.827501
1.812616
1.725362
1.638107
1.625541
1.651306
1.677071
1.668089
1.655983
1.642443
1.621431
1.600418
1.601483
1.639088
1.676693
1.709408
1.738421
1.767434
1.798705
1.830723
1.862741
1.840081
1.812472
1.788752
1.811115
1.833478
1.850368
1.845035
1.839702
1.844541
1.872603
1.900665
1.910877
1.893527
1.876177
1.871156
1.880894
1.890632
1.898364
1.904023
1.909681
1.927935
1.959323
1.990712
1.991496
1.959395
1.927293
1.928507
1.970539
2.012570
2.025090
1.996826
1.968563
1.943165
1.923537
1.903910
1.901144
1.958000
2.014856
2.067524
2.051171
2.034818
2.018465
2.049243
2.086531
2.123819
2.099804
2.044495
1.989185
1.963786
1.982781
2.001776
2.019114
2.022694
2.026275
2.029856
2.040139
2.052750
2.065361
2.059054
2.012908
1.966762
1.920615
1.931627
1.951964
1.972301
1.991302
2.007692
2.024082
2.040472
2.033499
2.019193
2.004887
1.994007
2.010013
2.026019
2.042025
2.063101
2.092063
2.121024
2.149985
2.158909
2.155881
2.152853
2.149825
2.163314
2.181522
2.199729
2.217936
2.237484
2.257273
2.277062
2.296851
2.266305
2.225431
2.184558
2.143684
2.148846
2.173959
2.199073
2.224186
2.232672
2.222375
2.212077
2.201780
2.196278
2.203293
2.210309
2.217324
2.223788
2.227437
2.231086
2.234735
2.240421
2.263349
2.286278
2.309207
2.331711
2.350947
2.370183
2.389418
2.398097
2.344522
2.290947
2.237372
2.209142
2.250827
2.292512
2.334197
2.379654
2.429719
2.479785
2.529850
2.520089
2.477394
2.434699
2.392005
2.385810
2.386165
2.386521
2.391051
2.427039
2.463028
2.499016
2.531780
2.560639
2.589498
2.618358
2.623328
2.622362
2.621396
2.616389
2.591572
2.566755
2.541938
2.552564
2.590965
2.629367
2.667769
2.675734
2.683094
2.690454
2.698366
2.707065
2.715764
2.724463
2.750406
2.778794
2.807182
2.820839
2.806018
2.791196
2.776375
2.770171
2.765718
2.761265
2.762476
2.774119
2.785762
2.797405
2.794607
2.789978
2.785350
2.794712
2.823932
2.853151
2.882370
2.914034
2.945831
2.977628
2.987588
2.974770
2.961953
2.948292
2.909843
2.871395
2.832947
2.838892
2.875171
2.911451
2.944315
2.956758
2.969201
2.981644
2.999556
3.020102
3.040649
3.061150
3.081497
3.101843
3.122189
3.132576
3.139824
3.147071
3.154001
3.160185
3.166370
3.172554
3.196636
3.224344
3.252052
3.267987
3.261894
3.255802
3.249710
3.283634
3.325046
3.366458
3.400641
3.421802
3.442963
3.464124
3.468964
3.470934
3.472904
3.462894
3.427991
3.393088
3.358184
3.387534
3.434242
3.480950
3.517000
3.513936
3.510871
3.507807
3.517244
3.534371
3.551498
3.568624
3.574220
3.579793
3.585367
3.600691
3.635072
3.669454
3.703836
3.697904
3.671682
3.645459
3.619237
3.628404
3.639450
3.650496
3.659333
3.657125
3.654917
3.652709
3.664303
3.699468
3.734634
3.769799
3.782523
3.774234
3.765945
3.757656
3.768579
3.791634
3.814688
3.837743
3.857649
3.875942
3.894236
3.912529
3.918887
3.918445
3.918004
3.917562
3.921135
3.927860
3.934585
3.941309
3.952337
3.969381
3.986426
4.003470
4.019290
4.029458
4.039627
4.049795
4.059964
4.095061
4.134405
4.173748
4.213092
4.232048
4.225477
4.218907
4.212336
4.205765
4.208372
4.211730
4.215088
4.218445
4.223402
4.232499
4.241596
4.250693
4.259791
4.266745
4.271769
4.276794
4.281819
4.286843
4.299912
4.318098
4.336284
4.354470
4.372656
4.386083
4.396924
4.407764
4.418604
4.429444
4.452198
4.477728
4.503258
4.528787
4.554588
4.584083
4.613578
4.643073
4.672568
4.701721
4.730462
4.759203
4.787944
4.816686
4.836804
4.856422
4.876040
4.895658
4.920373
4.949791
4.979208
5.008626
5.036345
5.055835
5.075326
5.094817
5.114308
5.139515
5.165368
5.191222
5.217075
5.241335
5.264873
5.288410
5.311948
5.348395
5.396191
5.443986
5.491782
5.514688
5.503880
5.493073
5.482265
5.487499
5.520817
5.554135
5.587453
5.614603
5.630035
5.645467
5.660899
5.681671
5.711697
5.741723
5.771748
5.800630
5.827996
5.855361
5.882726
5.899591
5.907042
5.914494
5.921946
5.942482
5.970160
5.997837
6.025515
6.050288
6.074299
6.098310
6.122322
6.146862
6.171423
6.195984
6.222070
6.257113
6.292156
6.327199
6.362932
6.399922
6.436913
6.473903
6.484982
6.477377
6.469772
6.462167
6.489169
6.523789
6.558410
6.592173
6.613893
6.635614
6.657334
6.688988
6.741696
6.794405
6.847114
6.893313
6.934746
6.976179
7.017612
7.012663
6.998631
6.984599
6.977389
7.035420
7.093451
7.151482
7.197188
7.220118
7.243048
7.265978
7.283120
7.296477
7.309835
7.323192
7.311607
7.295820
7.280033
7.271435
7.329892
7.388349
7.446806
7.489476
7.498911
7.508347
7.517782
7.555171
7.617208
7.679245
7.741282
7.735888
7.704545
7.673202
7.641859
7.661100
7.686432
7.711765
7.737439
7.773721
7.810002
7.846284
7.877740
7.883049
7.888357
7.893666
7.908869
7.952928
7.996986
8.041045
8.078107
8.100601
8.123095
8.145588
8.153211
8.134055
8.114899
8.095744
8.089221
8.105875
8.122528
8.139182
8.154722
8.167736
8.180749
8.193763
8.212674
8.253382
8.294089
8.334796
8.373588
8.386296
8.399004
8.411712
8.424419
8.429612
8.433611
8.437610
8.441609
8.431735
8.412140
8.392545
8.372950
8.366407
8.402395
8.438384
8.474372
8.510361
8.500118
8.478177
8.456235
8.434294
8.423531
8.442321
8.461112
8.479902
8.498693
8.498763
8.489183
8.479602
8.470022
8.460442
8.501317
8.545634
8.589951
8.634267
8.673295
8.656053
8.638811
8.621569
8.604327
8.592964
8.651961
8.710959
8.769956
8.828953
8.886209
8.899872
8.913536
8.927200
8.940864
8.962699
9.034205
9.105711
9.177218
9.248724
9.312312
9.362934
9.413557
9.464180
9.514803
9.541443
9.559735
9.578027
9.596319
9.626340
9.699249
9.772159
9.845068
9.917978
9.953544
9.978560
10.003575
10.028590
10.054919
10.082998
10.111077
10.139157
10.169719
10.214126
10.258533
10.302940
10.347347
10.397310
10.447574
10.497838
10.548101
10.541753
10.522908
10.504063
10.485218
10.514375
10.560155
10.605935
10.651715
10.704839
10.760861
10.816883
10.872905
10.892357
10.899547
10.906736
10.913926
10.967088
11.030688
11.094289
11.157890
11.138792
11.113114
11.087436
11.068300
11.125165
11.182031
11.238896
11.284893
11.297781
11.310669
11.323558
11.346450
11.381242
11.416035
11.450827
11.482286
11.512262
11.542237
11.572212
11.618157
11.664799
11.711441
11.755324
11.790674
11.826024
11.861374
11.911917
11.975121
12.038324
12.101528
12.103974
12.097150
12.090326
12.090675
12.118301
12.145926
12.173552
12.169993
12.141838
12.113682
12.085526
12.193394
12.313714
12.434033
12.499335
12.422133
12.344932
12.267730
12.314833
12.430054
12.545275
12.659167
12.686097
12.713026
12.739956
12.780556
12.842878
12.905200
12.967522
12.985758
12.989305
12.992852
12.994711
12.982676
12.970640
12.958605
12.969238
13.006223
13.043208
13.080193
13.130184
13.183044
13.235903
13.292459
13.368990
13.445521
13.522052
13.580507
13.619783
13.659059
13.698335
13.716114
13.728392
13.740669
13.772648
13.989742
14.206835
14.423928
14.560015
14.561864
14.563712
14.565561
14.658487
14.803438
14.948389
15.093340
15.186554
15.272165
15.357777
15.443955
15.536899
15.629843
15.722786
15.843558
16.044104
16.244650
16.445196
16.636970
16.816022
16.995073
17.174125
17.367373
17.573919
17.780464
17.987009
18.221207
18.475587
18.729967
18.984347
19.167505
19.302669
19.437834
19.572998
19.786783
20.059980
20.333177
20.606375
20.837768
21.027184
21.216600
21.406015
21.613225
21.852948
22.092671
22.332394
22.567886
22.776387
22.984888
23.193390
23.401891
23.578099
23.748357
23.918615
24.088872
24.318742
24.614025
24.909309
25.204593
25.498590
25.734420
25.970250
26.206079
26.441909
26.672977
26.898774
27.124571
27.350368
27.576165
27.813954
28.054421
28.294888
28.535355
28.776832
29.053811
29.330791
29.607770
29.884750
30.162910
30.452732
30.742555
31.032377
31.322200
31.622034
32.121129
32.620225
33.119320
33.618415
34.135499
34.780741
35.425984
36.071226
36.716468
37.325954
37.860884
38.395814
38.930744
39.465674
39.972642
40.464718
40.956794
41.448870
41.949761
42.536895
43.124028
43.711161
44.298294
44.945053
45.627365
46.309676
46.991988
47.657026
48.270118
48.883209
49.496301
50.109392
50.681669
51.251867
51.822066
52.392265
53.040877
53.720260
54.399644
55.079027
55.825239
56.628117
57.430996
58.233875
58.831805
59.147394
59.462983
59.778572
60.301081
61.191496
62.081911
62.972326
63.792100
64.479575
65.167049
65.854524
66.571362
67.337083
68.102805
68.868526
69.532953
70.070682
70.608412
71.146141
71.813678
72.585816
73.357953
74.130091
74.902542
75.675128
76.447714
77.220299
77.216246
77.097981
76.979716
76.918662
77.536560
78.154459
78.772357
79.466062
80.335580
81.205098
82.074616
82.448868
82.397792
82.346716
82.295640
82.892192
83.660232
84.428273
85.175736
85.589754
86.003773
86.417791
86.795811
87.103839
87.411867
87.719894
88.283552
88.994493
89.705433
90.416374
90.212035
89.947885
89.683734
89.570761
89.918187
90.265613
90.613039
90.964705
91.319827
91.674949
92.030071
91.616140
91.078537
90.540933
90.233143
91.062148
91.891153
92.720158
92.845685
92.200789
91.555892
90.910995
90.780331
90.791876
90.803420
90.835185
91.101509
91.367832
91.634156
91.712972
91.459732
91.206493
90.953253
90.850651
90.836297
90.821943
90.807589
90.534665
90.229314
89.923964
89.667479
89.734840
89.802201
89.869563
89.947038
90.042809
90.138581
90.234352
90.359779
90.508389
90.656998
90.805608
90.633127
90.347525
90.061923
89.776321
89.705929
89.663051
89.620172
89.576437
89.093111
88.609784
88.126457
87.673720
87.573364
87.473008
87.372652
87.295992
87.399695
87.503397
87.607100
87.662962
87.297059
86.931157
86.565254
86.203595
85.922486
85.641378
85.360269
85.079161
85.248163
85.444680
85.641197
85.837713
85.791106
85.673109
85.555112
85.437114
85.188280
84.829169
84.470058
84.110946
83.830573
83.792619
83.754666
83.716712
83.678759
83.418463
83.127014
82.835564
82.544115
82.378072
