0.668379
0.668379
0.668379
0.668379
0.668379
0.668379
0.668379
0.668379
0.668379
0.668379
0.668379
0.668379
0.668379
0.668379
0.668379
0.668379
0.668379
0.668379
0.668379
0.668379
0.668379
0.668379
0.668379
0.668379
0.668379
0.668379
0.668379
0.668379
0.668379
0.668379
0.668379
0.668379
0.668379
0.668379
0.668379
0.668379
0.668379
0.668379
0.668379
0.668379
0.668379
0.668379
0.668379
0.668379
0.668379
0.668379
0.668379
0.668379
0.668379
0.668379
0.668379
0.668379
0.668379
0.668379
0.668379
0.668379
0.668379
0.668379
0.668379
0.668379
0.668379
0.668379
0.668379
0.668379
0.668379
0.668379
0.668379
0.668379
0.668379
0.662091
0.655664
0.649237
0.642810
0.636383
0.629956
0.623529
0.617102
0.610675
0.604248
0.597821
0.591394
0.584967
0.578540
0.572113
0.565686
0.559259
0.552832
0.546405
0.539978
0.533551
0.527124
0.520697
0.514270
0.507843
0.501416
0.494989
0.488562
0.482135
0.475708
0.469281
0.462854
0.456427
0.450000
0.443572
0.437145
0.430718
0.424291
0.417864
0.411437
0.405010
0.398583
0.392156
0.385729
0.379302
0.372875
0.366448
0.360021
0.353594
0.347167
0.340740
0.334313
0.327886
0.321459
0.315032
0.308605
0.302178
0.295751
0.289324
0.282897
0.276470
0.270043
0.263616
0.257189
0.250762
0.244335
0.237908
0.231481
0.225054
0.218627
0.212200
0.205773
0.199346
0.192919
0.186492
0.180065
0.173638
0.167211
0.160784
0.154357
0.153581
0.152931
0.152280
0.151629
0.150978
0.150328
0.149677
0.149026
0.148376
0.147725
0.147074
0.146423
0.145773
0.145122
0.144471
0.143820
0.143170
0.142519
0.141868
0.141218
0.140567
0.139916
0.139265
0.138615
0.137964
0.137313
0.136662
0.136012
0.135361
0.134710
0.134060
0.133409
0.132758
0.132107
0.131457
0.130806
0.130155
0.129504
0.128854
0.128203
0.127552
0.126902
0.126251
0.125600
0.124949
0.124299
0.123648
0.122997
0.122346
0.121696
0.121045
0.120394
0.119743
0.119093
0.118442
0.117791
0.117141
0.116490
0.115839
0.115188
0.114538
0.113887
0.113236
0.112585
0.111935
0.111284
0.110633
0.109983
0.109332
0.108681
0.108030
0.107380
0.106729
0.106078
0.105427
0.104777
0.104126
0.103475
0.102825
0.102174
0.101562
0.100952
0.100341
0.099730
0.099120
0.098509
0.097898
0.097288
0.096677
0.096066
0.095455
0.094845
0.094234
0.093623
0.093013
0.092402
0.091791
0.091181
0.090570
0.089959
0.089349
0.088738
0.088127
0.087517
0.086906
0.086295
0.085685
0.085074
0.084463
0.083853
0.083242
0.082631
0.082021
0.081410
0.080799
0.080189
0.079578
0.078967
0.078357
0.077746
0.077135
0.076524
0.075914
0.075303
0.074692
0.074082
0.073471
0.072860
0.072250
0.071639
0.071028
0.070418
0.069807
0.069196
0.068586
0.067975
0.067364
0.066754
0.066143
0.065532
0.064922
0.064311
0.063700
0.063090
0.062479
0.061868
0.061258
0.060647
0.060036
0.059425
0.058815
0.058204
0.057593
0.056983
0.056372
0.055761
0.055151
0.054540
0.053929
0.053319
0.052989
0.052666
0.052343
0.052019
0.051696
0.051372
0.051049
0.050726
0.050402
0.050079
0.049756
0.049432
0.049109
0.048786
0.048462
0.048139
0.047816
0.047492
0.047169
0.046846
0.046522
0.046199
0.045876
0.045552
0.045229
0.044906
0.044582
0.044259
0.043936
0.043612
0.043289
0.042966
0.042642
0.042319
0.041996
0.041672
0.041349
0.041026
0.040702
0.040379
0.040056
0.039732
0.039409
0.039086
0.038762
0.038439
0.038116
0.037792
0.037469
0.037146
0.036822
0.036499
0.036176
0.035852
0.035529
0.035206
0.034882
0.034559
0.034236
0.033912
0.033589
0.033266
0.032942
0.032619
0.032296
0.031972
0.031649
0.031326
0.031002
0.030679
0.030356
0.030032
0.029709
0.029386
0.029062
0.028739
0.028416
0.028092
0.027769
0.027446
0.027415
0.027390
0.027365
0.027340
0.027316
0.027291
0.027266
0.027242
0.027217
0.027192
0.027168
0.027143
0.027118
0.027094
0.027069
0.027044
0.027020
0.026995
0.026970
0.026946
0.026921
0.026896
0.026871
0.026847
0.026822
0.026797
0.026773
0.026748
0.026723
0.026699
0.026674
0.026649
0.026625
0.026600
0.026575
0.026551
0.026526
0.026501
0.026477
0.026452
0.026427
0.026402
0.026378
0.026353
0.026328
0.026304
0.026279
0.026254
0.026230
0.026205
0.026180
0.026156
0.026131
0.026106
0.026082
0.026057
0.026032
0.026008
0.025983
0.025958
0.025933
0.025909
0.025884
0.025859
0.025835
0.025810
0.025785
0.025761
0.025736
0.025711
0.025687
0.025662
0.025637
0.025613
0.025588
0.025563
0.025539
0.025514
0.025489
0.025465
0.025461
0.025458
0.025455
0.025452
0.025449
0.025446
0.025443
0.025440
0.025437
0.025434
0.025431
0.025428
0.025425
0.025422
0.025419
0.025416
0.025413
0.025410
0.025407
0.025404
0.025401
0.025398
0.025395
0.025392
0.025389
0.025386
0.025383
0.025380
0.025377
0.025374
0.025371
0.025368
0.025365
0.025362
0.025359
0.025356
0.025353
0.025350
0.025347
0.025344
0.025341
0.025338
0.025335
0.025332
0.025329
0.025326
0.025323
0.025320
0.025317
0.025314
0.025311
0.025308
0.025305
0.025302
0.025299
0.025296
0.025293
0.025290
0.025287
0.025284
0.025281
0.025278
0.025275
0.025272
0.025269
0.025266
0.025263
0.025260
0.025257
0.025254
0.025251
0.025248
0.025245
0.025242
0.025239
0.025236
0.025233
0.025230
0.025227
0.025224
0.025324
0.025425
0.025527
0.025629
0.025731
0.025833
0.025935
0.026037
0.026139
0.026241
0.026343
0.026445
0.026547
0.026649
0.026751
0.026853
0.026955
0.027057
0.027159
0.027261
0.027363
0.027465
0.027567
0.027669
0.027771
0.027873
0.027975
0.028077
0.028179
0.028281
0.028383
0.028485
0.028587
0.028689
0.028791
0.028893
0.028995
0.029097
0.029199
0.029301
0.029403
0.029505
0.029607
0.029709
0.029811
0.029913
0.030015
0.030117
0.030219
0.030320
0.030422
0.030524
0.030626
0.030728
0.030830
0.030932
0.031034
0.031136
0.031238
0.031340
0.031442
0.031544
0.031646
0.031748
0.031850
0.031952
0.032054
0.032156
0.032258
0.032360
0.032462
0.032564
0.032666
0.032768
0.032870
0.032972
0.033074
0.033176
0.033278
0.033380
0.033537
0.033696
0.033855
0.034014
0.034173
0.034332
0.034491
0.034649
0.034808
0.034967
0.035126
0.035285
0.035444
0.035603
0.035761
0.035920
0.036079
0.036238
0.036397
0.036556
0.036714
0.036873
0.037032
0.037191
0.037350
0.037509
0.037668
0.037826
0.037985
0.038144
0.038303
0.038462
0.038621
0.038779
0.038938
0.039097
0.039256
0.039415
0.039574
0.039733
0.039891
0.040050
0.040209
0.040368
0.040527
0.040686
0.040845
0.041003
0.041162
0.041321
0.041480
0.041639
0.041798
0.041956
0.042115
0.042274
0.042433
0.042592
0.042751
0.042910
0.043068
0.043227
0.043386
0.043545
0.043704
0.043863
0.044021
0.044180
0.044339
0.044498
0.044657
0.044816
0.044975
0.045133
0.045292
0.045451
0.045610
0.045769
0.045928
0.046087
0.046064
0.046037
0.046010
0.045983
0.045956
0.045930
0.045903
0.045876
0.045849
0.045822
0.045796
0.045769
0.045742
0.045715
0.045688
0.045662
0.045635
0.045608
0.045581
0.045554
0.045528
0.045501
0.045474
0.045447
0.045420
0.045393
0.045367
0.045340
0.045313
0.045286
0.045259
0.045233
0.045206
0.045179
0.045152
0.045125
0.045099
0.045072
0.045045
0.045018
0.044991
0.044965
0.044938
0.044911
0.044884
0.044857
0.044830
0.044804
0.044777
0.044750
0.044723
0.044696
0.044670
0.044643
0.044616
0.044589
0.044562
0.044536
0.044509
0.044482
0.044455
0.044428
0.044402
0.044375
0.044348
0.044321
0.044294
0.044268
0.044241
0.044214
0.044187
0.044160
0.044133
0.044107
0.044080
0.044053
0.044026
0.043999
0.043973
0.043965
0.044115
0.044265
0.044415
0.044565
0.044716
0.044866
0.045016
0.045166
0.045316
0.045466
0.045617
0.045767
0.045917
0.046067
0.046217
0.046367
0.046518
0.046668
0.046818
0.046968
0.047118
0.047268
0.047418
0.047569
0.047719
0.047869
0.048019
0.048169
0.048319
0.048470
0.048620
0.048770
0.048920
0.049070
0.049220
0.049371
0.049521
0.049671
0.049821
0.049971
0.050121
0.050272
0.050422
0.050572
0.050722
0.050872
0.051022
0.051172
0.051323
0.051473
0.051623
0.051773
0.051923
0.052073
0.052224
0.052374
0.052524
0.052674
0.052824
0.052974
0.053125
0.053275
0.053425
0.053575
0.053725
0.053875
0.054026
0.054176
0.054326
0.054622
0.055032
0.055443
0.055853
0.056263
0.056674
0.057084
0.057495
0.057905
0.058315
0.058726
0.059136
0.059546
0.059957
0.060367
0.060778
0.061188
0.061598
0.062009
0.062419
0.062830
0.063240
0.063650
0.064061
0.064471
0.064881
0.065292
0.065702
0.066113
0.066523
0.066933
0.067344
0.067754
0.068165
0.068575
0.068985
0.069396
0.069806
0.070216
0.070627
0.071037
0.071448
0.071858
0.072268
0.072679
0.073089
0.073500
0.073910
0.074320
0.074731
0.075141
0.075551
0.075962
0.076372
0.076783
0.077193
0.077436
0.077662
0.077888
0.078114
0.078340
0.078566
0.078791
0.079017
0.079243
0.079469
0.079695
0.079921
0.080147
0.080372
0.080598
0.080824
0.081050
0.081276
0.081502
0.081728
0.081953
0.082179
0.082405
0.082631
0.082857
0.083083
0.083308
0.083534
0.083760
0.083986
0.084212
0.084438
0.084664
0.084889
0.085115
0.085341
0.085567
0.085793
0.086019
0.086245
0.086470
0.086696
0.086922
0.087148
0.087374
0.088013
0.088683
0.089354
0.090024
0.090695
0.091365
0.092035
0.092706
0.093376
0.094047
0.094717
0.095387
0.096058
0.096728
0.097399
0.098069
0.098740
0.099410
0.100080
0.100751
0.101421
0.102092
0.102762
0.103432
0.104103
0.104773
0.105444
0.106114
0.106784
0.107455
0.108125
0.108796
0.109466
0.110137
0.110807
0.111572
0.112549
0.113526
0.114502
0.115479
0.116456
0.117433
0.118409
0.119386
0.120363
0.121340
0.122316
0.123293
0.124270
0.125247
0.126223
0.127200
0.128177
0.129154
0.130130
0.131107
0.132084
0.133060
0.134037
0.135014
0.135991
0.136967
0.137944
0.138921
0.139866
0.140629
0.141392
0.142155
0.142917
0.143680
0.144443
0.145206
0.145969
0.146731
0.147494
0.148257
0.149020
0.149783
0.150545
0.151308
0.152071
0.152834
0.153596
0.154359
0.155122
0.155885
0.156648
0.157410
0.158173
0.159819
0.161784
0.163748
0.165713
0.167677
0.169642
0.171606
0.173571
0.175535
0.177500
0.179464
0.181429
0.183393
0.185358
0.187322
0.189287
0.191251
0.193216
0.195180
0.197145
0.199235
0.202134
0.205033
0.207933
0.210832
0.213731
0.216631
0.219530
0.222429
0.225329
0.228228
0.231127
0.234027
0.236926
0.239825
0.242725
0.245624
0.248523
0.251354
0.253938
0.256521
0.259104
0.261688
0.264271
0.266854
0.269438
0.272021
0.274605
0.277188
0.279771
0.282355
0.284938
0.287522
0.290105
0.293015
0.297060
0.301104
0.305149
0.309194
0.313238
0.317283
0.321328
0.325372
0.329417
0.333461
0.337506
0.341551
0.345595
0.349640
0.350182
0.349182
0.348182
0.347181
0.346181
0.345180
0.344180
0.343180
0.342179
0.341179
0.340178
0.339178
0.338177
0.339148
0.343715
0.348282
0.352849
0.357416
0.361983
0.366550
0.371117
0.375684
0.380251
0.384818
0.389385
0.393820
0.394709
0.395598
0.396487
0.397376
0.398265
0.399154
0.400043
0.400932
0.401821
0.402710
0.403599
0.406323
0.410503
0.414683
0.418862
0.423042
0.427222
0.431401
0.435581
0.439760
0.443940
0.448120
0.450889
0.453378
0.455867
0.458356
0.460844
0.463333
0.465822
0.468311
0.470799
0.473288
0.473947
0.473548
0.473149
0.472750
0.472351
0.471951
0.471552
0.471153
0.470754
0.470355
0.470637
0.470957
0.471276
0.471596
0.471915
0.472235
0.472554
0.472874
0.473193
0.476642
0.481142
0.485643
0.490143
0.494643
0.499143
0.503643
0.508144
0.512546
0.512038
0.511530
0.511023
0.510515
0.510007
0.509499
0.508992
0.508484
0.510428
0.513094
0.515759
0.518425
0.521091
0.523756
0.526422
0.529087
0.532067
0.535152
0.538238
0.541323
0.544409
0.547494
0.550579
0.553043
0.549618
0.546193
0.542768
0.539343
0.535918
0.532493
0.529068
0.538796
0.553320
0.567844
0.582368
0.596892
0.611417
0.625941
0.628313
0.625100
0.621888
0.618675
0.615463
0.612250
0.609038
0.609986
0.611764
0.613541
0.615319
0.617097
0.618875
0.622049
0.630397
0.638745
0.647093
0.655441
0.663789
0.672137
0.666152
0.655392
0.644631
0.633871
0.623111
0.612351
0.607698
0.610753
0.613807
0.616862
0.619916
0.622971
0.625832
0.628070
0.630308
0.632546
0.634784
0.637022
0.638557
0.636265
0.633974
0.631683
0.629392
0.627101
0.625066
0.624340
0.623614
0.622888
0.622161
0.621435
0.618962
0.610783
0.602603
0.594423
0.586243
0.578064
0.573266
0.575791
0.578317
0.580842
0.583367
0.585893
0.592426
0.603480
0.614533
0.625587
0.636640
0.647694
0.659037
0.670480
0.681923
0.693366
0.704809
0.715948
0.713752
0.711557
0.709361
0.707165
0.704969
0.703688
0.704140
0.704592
0.705043
0.705495
0.705947
0.701426
0.693356
0.685286
0.677216
0.669146
0.661077
0.641265
0.619337
0.597408
0.575479
0.553551
0.534980
0.550267
0.565554
0.580841
0.596128
0.611415
0.619240
0.611009
0.602779
0.594549
0.586319
0.578089
0.582175
0.598151
0.614126
0.630102
0.646077
0.662053
0.665599
0.662678
0.659758
0.656837
0.653917
0.650997
0.650895
0.651725
0.652556
0.653387
0.654218
0.655049
0.646858
0.636591
0.626323
0.616056
0.605789
0.595522
0.600660
0.609879
0.619098
0.628317
0.637536
0.646755
0.650010
0.650011
0.650011
0.650012
0.650013
0.650014
0.648027
0.643303
0.638579
0.633855
0.629130
0.624406
0.620053
0.621605
0.623157
0.624709
0.626261
0.627813
0.629365
0.633784
0.640530
0.647276
0.654022
0.660768
0.667514
0.674260
0.657843
0.639122
0.620401
0.601681
0.591056
0.585915
0.580773
0.575632
0.570058
0.563229
0.556401
0.549573
0.542744
0.539697
0.537465
0.535232
0.533000
0.533813
0.542113
0.550414
0.558714
0.567015
0.568028
0.565317
0.562606
0.559895
0.557184
0.567748
0.579640
0.591532
0.603423
0.614442
0.613137
0.611832
0.610527
0.609222
0.609211
0.617658
0.626106
0.634553
0.643000
0.650814
0.648743
0.646671
0.644600
0.642528
0.640457
0.637654
0.634787
0.631920
0.629053
0.626186
0.621139
0.614354
0.607568
0.600783
0.593997
0.587212
0.584737
0.582295
0.579853
0.577411
0.574968
0.573901
0.576697
0.579492
0.582287
0.585083
0.587878
0.587241
0.580041
0.572840
0.565640
0.558439
0.551238
0.547049
0.553588
0.560127
0.566665
0.573204
0.579742
0.586281
0.580421
0.572278
0.564135
0.555992
0.547849
0.539707
0.536475
0.551920
0.567365
0.582811
0.598256
0.613701
0.629146
0.638417
0.630233
0.622050
0.613867
0.605683
0.597500
0.589317
0.581133
0.585221
0.589804
0.594386
0.598969
0.603552
0.608135
0.612717
0.614047
0.602084
0.590121
0.578158
0.566196
0.554233
0.542270
0.530307
0.521000
0.522072
0.523143
0.524214
0.525285
0.526356
0.527427
0.528498
0.530076
0.533114
0.536153
0.539191
0.542230
0.545268
0.548306
0.551345
0.556642
0.569077
0.581513
0.593948
0.606383
0.618818
0.631253
0.643688
0.652751
0.653356
0.653962
0.654567
0.655173
0.655778
0.656384
0.656989
0.656092
0.652448
0.648803
0.645158
0.641513
0.637869
0.634224
0.630579
0.627331
0.630553
0.633774
0.636995
0.640217
0.643438
0.646659
0.649881
0.653102
0.652760
0.650985
0.649210
0.647435
0.645660
0.643885
0.642110
0.640335
0.640727
0.645813
0.650899
0.655984
0.661070
0.666156
0.671242
0.676328
0.681414
0.685212
0.688374
0.691537
0.694699
0.697862
0.701024
0.704187
0.707349
0.710512
0.714686
0.719080
0.723475
0.727869
0.732263
0.736658
0.741052
0.745446
0.749841
0.753350
0.756696
0.760043
0.763389
0.766735
0.770081
0.773427
0.776773
0.780119
0.783834
0.787777
0.791720
0.795662
0.799605
0.803548
0.807490
0.811433
0.815376
0.818915
0.820559
0.822202
0.823845
0.825489
0.827132
0.828776
0.830419
0.832062
0.833706
0.835396
0.837292
0.839189
0.841085
0.842981
0.844878
0.846774
0.848671
0.850567
0.852463
0.854360
0.856715
0.859195
0.861675
0.864155
0.866634
0.869114
0.871594
0.874073
0.876553
0.879033
0.881183
0.879135
0.877087
0.875039
0.872992
0.870944
0.868896
0.866849
0.864801
0.862753
0.860706
0.858658
0.859445
0.861569
0.863694
0.865818
0.867943
0.870067
0.872192
0.874316
0.876441
0.878565
0.880690
0.882814
0.888034
0.895652
0.903270
0.910887
0.918505
0.926123
0.933741
0.941358
0.948976
0.956594
0.964211
0.971829
0.978549
0.979549
0.980548
0.981548
0.982547
0.983547
0.984546
0.985546
0.986545
0.987545
0.988544
0.989544
0.990907
0.992930
0.994953
0.996976
0.998999
1.001023
1.003046
1.005069
1.007092
1.009115
1.011139
1.013162
1.017155
1.021351
1.025546
1.029742
1.033937
1.038133
1.042329
1.046524
1.050720
1.054915
1.059111
1.061136
1.063000
1.064863
1.066727
1.068591
1.070454
1.072318
1.074181
1.076045
1.077909
1.079523
1.080131
1.080739
1.081346
1.081954
1.082562
1.083169
1.083777
1.084385
1.084992
1.085600
1.087542
1.090378
1.093213
1.096048
1.098884
1.101719
1.104554
1.107389
1.110225
1.113060
1.115421
1.116377
1.117332
1.118287
1.119243
1.120198
1.121153
1.122109
1.123064
1.124019
1.124974
1.125924
1.126874
1.127824
1.128774
1.129724
1.130674
1.131624
1.132574
1.133524
1.134474
1.142284
1.150430
1.158576
1.166722
1.174869
1.183015
1.191161
1.199307
1.207453
1.215599
1.219728
1.223851
1.227975
1.232098
1.236221
1.240345
1.244468
1.248591
1.252714
1.256838
1.258203
1.259375
1.260547
1.261719
1.262891
1.264063
1.265235
1.266407
1.267579
1.268751
1.270421
1.272194
1.273967
1.275740
1.277513
1.279287
1.281060
1.282833
1.284606
1.286379
1.289201
1.292618
1.296034
1.299451
1.302868
1.306285
1.309702
1.313119
1.316536
1.319953
1.322180
1.321659
1.321138
1.320617
1.320096
1.319575
1.319054
1.318532
1.318011
1.317490
1.316969
1.318927
1.321091
1.323255
1.325418
1.327582
1.329746
1.331910
1.334073
1.336237
1.338401
1.339401
1.337012
1.334623
1.332235
1.329846
1.327457
1.325068
1.322680
1.320291
1.317902
1.315513
1.314927
1.318465
1.322002
1.325540
1.329077
1.332615
1.336153
1.339690
1.343228
1.346765
1.350303
1.353704
1.352945
1.352186
1.351426
1.350667
1.349907
1.349148
1.348388
1.347629
1.346870
1.346110
1.345351
1.345182
1.345964
1.346746
1.347529
1.348311
1.349093
1.349875
1.350657
1.351440
1.352222
1.353004
1.353786
1.354382
1.353218
1.352055
1.350892
1.349729
1.348566
1.347403
1.346239
1.345076
1.343913
1.342750
1.341587
1.340424
1.342579
1.351873
1.361167
1.370461
1.379756
1.389050
1.398344
1.407638
1.416932
1.426227
1.435521
1.444815
1.453865
1.459078
1.464291
1.469504
1.474718
1.479931
1.485144
1.490357
1.495570
1.500783
1.505996
1.511209
1.516690
1.522622
1.528555
1.534488
1.540421
1.546354
1.552287
1.558220
1.564153
1.570086
1.576019
1.584778
1.602123
1.619468
1.636812
1.654157
1.671502
1.688846
1.706191
1.723535
1.740880
1.758225
1.764633
1.759081
1.753529
1.747977
1.742426
1.736874
1.731322
1.725771
1.720219
1.714667
1.710177
1.719482
1.728788
1.738093
1.747399
1.756704
1.766009
1.775315
1.784620
1.793926
1.803231
1.807678
1.811153
1.814629
1.818105
1.821581
1.825057
1.828533
1.832009
1.835485
1.838961
1.851815
1.867648
1.883482
1.899315
1.915148
1.930982
1.946815
1.962649
1.978482
1.994316
1.996549
1.995981
1.995413
1.994846
1.994278
1.993710
1.993142
1.992574
1.992007
1.991439
2.003463
2.016026
2.028588
2.041151
2.053713
2.066276
2.078838
2.091400
2.103963
2.115316
2.118656
2.121996
2.125335
2.128675
2.132015
2.135354
2.138694
2.142034
2.145373
2.149345
2.154313
2.159280
2.164248
2.169215
2.174183
2.179150
2.184118
2.189086
2.194053
2.198726
2.203282
2.207838
2.212394
2.216949
2.221505
2.226061
2.230617
2.235172
2.239728
2.245438
2.251171
2.256903
2.262635
2.268368
2.274100
2.279833
2.285565
2.291297
2.296781
2.300955
2.305130
2.309305
2.313480
2.317654
2.321829
2.326004
2.330178
2.334353
2.337355
2.337379
2.337403
2.337427
2.337451
2.337475
2.337499
2.337523
2.337547
2.337571
2.338405
2.341727
2.345049
2.348371
2.351693
2.355015
2.358337
2.361659
2.364981
2.368303
2.370619
2.366864
2.363110
2.359355
2.355600
2.351846
2.348091
2.344336
2.340582
2.336827
2.333072
2.323264
2.310990
2.298715
2.286440
2.274165
2.261890
2.249615
2.237341
2.225066
2.212791
2.200516
2.197315
2.194337
2.191359
2.188381
2.185403
2.182425
2.179447
2.176469
2.173491
2.170513
2.167535
2.164510
2.161480
2.158450
2.155420
2.152389
2.149359
2.146329
2.143298
2.140268
2.137238
2.134208
2.130210
2.124615
2.119021
2.113426
2.107832
2.102237
2.096643
2.091048
2.085454
2.079859
2.074265
2.068670
2.061564
2.051724
2.041885
2.032045
2.022206
2.012366
2.002527
1.992687
1.982848
1.973008
1.963169
1.953329
1.943490
1.937863
1.933365
1.928867
1.924368
1.919870
1.915372
1.910873
1.906375
1.901877
1.897378
1.892880
1.888382
1.883883
1.885361
1.891363
1.897365
1.903368
1.909370
1.915372
1.921374
1.927376
1.933378
1.939381
1.945383
1.951385
1.957387
1.953058
1.947281
1.941504
1.935727
1.929951
1.924174
1.918397
1.912620
1.906843
1.901066
1.895289
1.889512
1.893667
1.902745
1.911824
1.920902
1.929981
1.939059
1.948138
1.957216
1.966295
1.975373
1.984451
1.993530
1.999323
2.004329
2.009336
2.014342
2.019348
2.024355
2.029361
2.034367
2.039373
2.044380
2.049386
2.057504
2.074309
2.091114
2.107918
2.124723
2.141528
2.158333
2.175138
2.191943
2.208748
2.225553
2.242358
2.247780
2.253069
2.258357
2.263646
2.268935
2.274224
2.279512
2.284801
2.290090
2.295379
2.300668
2.311755
2.323568
2.335380
2.347193
2.359006
2.370819
2.382632
2.394445
2.406258
2.418070
2.429883
2.445898
2.462413
2.478927
2.495442
2.511957
2.528471
2.544986
2.561501
2.578015
2.594530
2.610430
2.614741
2.619053
2.623364
2.627676
2.631987
2.636298
2.640610
2.644921
2.649233
2.653544
2.657239
2.658501
2.659762
2.661024
2.662286
2.663548
2.664810
2.666071
2.667333
2.668595
2.669857
2.676067
2.694882
2.713696
2.732511
2.751326
2.770140
2.788955
2.807770
2.826584
2.845399
2.864214
2.884853
2.909468
2.934084
2.958699
2.983315
3.007930
3.032546
3.057162
3.081777
3.106393
3.131008
3.156105
3.183716
3.211327
3.238938
3.266549
3.294160
3.321771
3.349381
3.376992
3.404603
3.432214
3.459825
3.491991
3.525740
3.559489
3.593239
3.626988
3.660737
3.694487
3.728236
3.761985
3.795735
3.829484
3.862766
3.878177
3.893588
3.909000
3.924411
3.939823
3.955234
3.970645
3.986057
4.001468
4.016879
4.032291
4.047702
4.075287
4.104038
4.132788
4.161539
4.190290
4.219041
4.247791
4.276542
4.305293
4.334044
4.362795
4.391545
4.422554
4.460406
4.498259
4.536112
4.573965
4.611817
4.649670
4.687523
4.725376
4.763228
4.801081
4.838934
4.876787
4.914639
4.918592
4.919423
4.920254
4.921084
4.921915
4.922746
4.923577
4.924407
4.925238
4.926069
4.926899
4.927730
4.928561
4.929392
4.962467
5.012148
5.061830
5.111512
5.161193
5.210875
5.260557
5.310238
5.359920
5.409601
5.459283
5.508965
5.558646
5.608328
5.609831
