0.668379
0.668379
0.668379
0.668379
0.668379
0.668379
0.668379
0.668379
0.668379
0.668379
0.668379
0.668379
0.668379
0.668379
0.668379
0.668379
0.668379
0.668379
0.668379
0.668379
0.668379
0.668379
0.668379
0.668379
0.668379
0.668379
0.668379
0.668379
0.668379
0.668379
0.668379
0.668379
0.668379
0.668379
0.668379
0.668379
0.668379
0.668379
0.668379
0.668379
0.668379
0.668379
0.668379
0.668379
0.668379
0.668379
0.668379
0.668379
0.668379
0.668379
0.668379
0.668379
0.668379
0.668379
0.668379
0.668379
0.668379
0.668379
0.668379
0.668379
0.668379
0.668379
0.668379
0.668379
0.668379
0.668379
0.668379
0.668379
0.668379
0.662064
0.655609
0.649154
0.642699
0.636244
0.629789
0.623334
0.616879
0.610424
0.603969
0.597514
0.591059
0.584604
0.578149
0.571694
0.565239
0.558784
0.552329
0.545874
0.539419
0.532964
0.526509
0.520054
0.513599
0.507144
0.500689
0.494234
0.487779
0.481325
0.474870
0.468415
0.461960
0.455505
0.449050
0.442595
0.436140
0.429685
0.423230
0.416775
0.410320
0.403865
0.397410
0.390955
0.384500
0.378045
0.371590
0.365135
0.358680
0.352225
0.345770
0.339315
0.332860
0.326405
0.319950
0.313495
0.307040
0.300585
0.294130
0.287675
0.281220
0.274766
0.268311
0.261856
0.255401
0.248946
0.242491
0.236036
0.229581
0.223126
0.216671
0.210216
0.203761
0.197306
0.190851
0.184396
0.177941
0.171486
0.165031
0.158576
0.152121
0.151277
0.150556
0.149835
0.149114
0.148394
0.147673
0.146952
0.146231
0.145511
0.144790
0.144069
0.143348
0.142628
0.141907
0.141186
0.140465
0.139745
0.139024
0.138303
0.137582
0.136862
0.136141
0.135420
0.134700
0.133979
0.133258
0.132537
0.131817
0.131096
0.130375
0.129654
0.128934
0.128213
0.127492
0.126771
0.126051
0.125330
0.124609
0.123888
0.123168
0.122447
0.121726
0.121005
0.120285
0.119564
0.118843
0.118122
0.117402
0.116681
0.115960
0.115239
0.114519
0.113798
0.113077
0.112356
0.111636
0.110915
0.110194
0.109473
0.108753
0.108032
0.107311
0.106591
0.105870
0.105149
0.104428
0.103708
0.102987
0.102266
0.101545
0.100825
0.100104
0.099383
0.098662
0.097942
0.097221
0.096500
0.095779
0.095059
0.094338
0.093717
0.093099
0.092480
0.091862
0.091243
0.090625
0.090006
0.089388
0.088769
0.088151
0.087532
0.086914
0.086295
0.085677
0.085058
0.084440
0.083821
0.083203
0.082584
0.081966
0.081347
0.080729
0.080110
0.079492
0.078873
0.078255
0.077636
0.077018
0.076399
0.075781
0.075162
0.074544
0.073925
0.073307
0.072688
0.072070
0.071451
0.070833
0.070214
0.069596
0.068977
0.068359
0.067740
0.067122
0.066503
0.065885
0.065266
0.064648
0.064029
0.063411
0.062792
0.062174
0.061555
0.060937
0.060318
0.059700
0.059081
0.058463
0.057844
0.057226
0.056607
0.055989
0.055370
0.054752
0.054133
0.053515
0.052896
0.052278
0.051659
0.051041
0.050422
0.049804
0.049185
0.048567
0.047948
0.047330
0.046711
0.046093
0.045474
0.044856
0.044682
0.044519
0.044355
0.044191
0.044028
0.043864
0.043701
0.043537
0.043373
0.043210
0.043046
0.042882
0.042719
0.042555
0.042391
0.042228
0.042064
0.041900
0.041737
0.041573
0.041409
0.041246
0.041082
0.040918
0.040755
0.040591
0.040427
0.040264
0.040100
0.039936
0.039773
0.039609
0.039445
0.039282
0.039118
0.038954
0.038791
0.038627
0.038463
0.038300
0.038136
0.037972
0.037809
0.037645
0.037481
0.037318
0.037154
0.036990
0.036827
0.036663
0.036499
0.036336
0.036172
0.036008
0.035845
0.035681
0.035518
0.035354
0.035190
0.035027
0.034863
0.034699
0.034536
0.034372
0.034208
0.034045
0.033881
0.033717
0.033554
0.033390
0.033226
0.033063
0.032899
0.032735
0.032572
0.032408
0.032244
0.032081
0.031917
0.031753
0.031676
0.031601
0.031525
0.031450
0.031375
0.031299
0.031224
0.031149
0.031074
0.030998
0.030923
0.030848
0.030772
0.030697
0.030622
0.030546
0.030471
0.030396
0.030320
0.030245
0.030170
0.030094
0.030019
0.029944
0.029868
0.029793
0.029718
0.029642
0.029567
0.029492
0.029416
0.029341
0.029266
0.029190
0.029115
0.029040
0.028964
0.028889
0.028814
0.028738
0.028663
0.028588
0.028512
0.028437
0.028362
0.028286
0.028211
0.028136
0.028060
0.027985
0.027910
0.027834
0.027759
0.027684
0.027609
0.027533
0.027458
0.027383
0.027307
0.027232
0.027157
0.027081
0.027006
0.026931
0.026855
0.026780
0.026705
0.026629
0.026554
0.026479
0.026403
0.026328
0.026253
0.026177
0.026102
0.026027
0.025951
0.025876
0.025801
0.025725
0.025780
0.025837
0.025894
0.025951
0.026008
0.026065
0.026122
0.026179
0.026236
0.026293
0.026350
0.026407
0.026464
0.026521
0.026578
0.026635
0.026692
0.026749
0.026806
0.026863
0.026920
0.026977
0.027034
0.027091
0.027148
0.027205
0.027262
0.027319
0.027376
0.027433
0.027490
0.027547
0.027604
0.027661
0.027718
0.027775
0.027832
0.027889
0.027946
0.028003
0.028060
0.028117
0.028174
0.028231
0.028288
0.028345
0.028402
0.028459
0.028517
0.028574
0.028631
0.028688
0.028745
0.028802
0.028859
0.028916
0.028973
0.029030
0.029087
0.029144
0.029201
0.029258
0.029315
0.029372
0.029429
0.029486
0.029543
0.029600
0.029657
0.029714
0.029771
0.029828
0.029885
0.029942
0.029999
0.030056
0.030113
0.030170
0.030227
0.030284
0.030284
0.030282
0.030280
0.030278
0.030276
0.030274
0.030273
0.030271
0.030269
0.030267
0.030265
0.030263
0.030261
0.030260
0.030258
0.030256
0.030254
0.030252
0.030250
0.030249
0.030247
0.030245
0.030243
0.030241
0.030239
0.030237
0.030236
0.030234
0.030232
0.030230
0.030228
0.030226
0.030225
0.030223
0.030221
0.030219
0.030217
0.030215
0.030214
0.030212
0.030210
0.030208
0.030206
0.030204
0.030202
0.030201
0.030199
0.030197
0.030195
0.030193
0.030191
0.030190
0.030188
0.030186
0.030184
0.030182
0.030180
0.030178
0.030177
0.030175
0.030173
0.030171
0.030169
0.030167
0.030166
0.030164
0.030162
0.030160
0.030158
0.030156
0.030155
0.030153
0.030151
0.030149
0.030147
0.030145
0.030143
0.030142
0.030140
0.030138
0.030317
0.030500
0.030683
0.030866
0.031049
0.031232
0.031415
0.031599
0.031782
0.031965
0.032148
0.032331
0.032514
0.032697
0.032880
0.033063
0.033246
0.033429
0.033612
0.033795
0.033979
0.034162
0.034345
0.034528
0.034711
0.034894
0.035077
0.035260
0.035443
0.035626
0.035809
0.035992
0.036175
0.036358
0.036542
0.036725
0.036908
0.037091
0.037274
0.037457
0.037640
0.037823
0.038006
0.038189
0.038372
0.038555
0.038738
0.038922
0.039105
0.039288
0.039471
0.039654
0.039837
0.040020
0.040203
0.040386
0.040569
0.040752
0.040935
0.041118
0.041302
0.041485
0.041668
0.041851
0.042034
0.042217
0.042400
0.042583
0.042766
0.042949
0.043132
0.043315
0.043498
0.043682
0.043865
0.044048
0.044231
0.044414
0.044597
0.044760
0.044813
0.044866
0.044919
0.044972
0.045025
0.045078
0.045131
0.045184
0.045237
0.045290
0.045343
0.045396
0.045449
0.045502
0.045555
0.045608
0.045661
0.045714
0.045766
0.045819
0.045872
0.045925
0.045978
0.046031
0.046084
0.046137
0.046190
0.046243
0.046296
0.046349
0.046402
0.046455
0.046508
0.046561
0.046614
0.046667
0.046720
0.046773
0.046826
0.046879
0.046932
0.046985
0.047038
0.047091
0.047144
0.047197
0.047250
0.047303
0.047355
0.047408
0.047461
0.047514
0.047567
0.047620
0.047673
0.047726
0.047779
0.047832
0.047885
0.047938
0.047991
0.048044
0.048097
0.048150
0.048203
0.048256
0.048309
0.048362
0.048415
0.048468
0.048521
0.048574
0.048627
0.048680
0.048733
0.048786
0.048839
0.048892
0.048982
0.049130
0.049278
0.049426
0.049573
0.049721
0.049869
0.050017
0.050165
0.050312
0.050460
0.050608
0.050756
0.050904
0.051051
0.051199
0.051347
0.051495
0.051643
0.051790
0.051938
0.052086
0.052234
0.052382
0.052529
0.052677
0.052825
0.052973
0.053121
0.053268
0.053416
0.053564
0.053712
0.053860
0.054007
0.054155
0.054303
0.054451
0.054599
0.054746
0.054894
0.055042
0.055190
0.055338
0.055485
0.055633
0.055781
0.055929
0.056077
0.056225
0.056372
0.056520
0.056668
0.056816
0.056964
0.057111
0.057259
0.057407
0.057555
0.057703
0.057850
0.057998
0.058146
0.058294
0.058442
0.058589
0.058851
0.059304
0.059756
0.060209
0.060661
0.061113
0.061566
0.062018
0.062470
0.062923
0.063375
0.063828
0.064280
0.064732
0.065185
0.065637
0.066089
0.066542
0.066994
0.067446
0.067899
0.068351
0.068804
0.069256
0.069708
0.070161
0.070613
0.071065
0.071518
0.071970
0.072422
0.072875
0.073327
0.073780
0.074232
0.074684
0.075137
0.075589
0.076041
0.076494
0.076946
0.077398
0.077851
0.078303
0.078756
0.079208
0.079660
0.080113
0.080565
0.081017
0.081470
0.081922
0.082375
0.082658
0.082893
0.083128
0.083362
0.083597
0.083832
0.084066
0.084301
0.084536
0.084771
0.085005
0.085240
0.085475
0.085709
0.085944
0.086179
0.086413
0.086648
0.086883
0.087117
0.087352
0.087587
0.087821
0.088056
0.088291
0.088526
0.088760
0.088995
0.089230
0.089464
0.089699
0.089934
0.090168
0.090403
0.090638
0.090872
0.091107
0.091342
0.091576
0.091811
0.092046
0.092281
0.092614
0.093018
0.093422
0.093826
0.094230
0.094634
0.095039
0.095443
0.095847
0.096251
0.096655
0.097059
0.097463
0.097867
0.098271
0.098675
0.099079
0.099483
0.099887
0.100291
0.100695
0.101099
0.101503
0.101907
0.102311
0.102715
0.103119
0.103523
0.103927
0.104331
0.104736
0.105140
0.105544
0.106128
0.107454
0.108779
0.110104
0.111429
0.112755
0.114080
0.115405
0.116730
0.118056
0.119381
0.120706
0.122031
0.123357
0.124682
0.126007
0.127333
0.128658
0.129983
0.131308
0.132634
0.133959
0.135284
0.136609
0.137935
0.139260
0.140585
0.141895
0.143090
0.144284
0.145478
0.146673
0.147867
0.149062
0.150256
0.151450
0.152645
0.153839
0.155033
0.156228
0.157422
0.158616
0.159811
0.161005
0.162199
0.163394
0.164588
0.165782
0.166977
0.168171
0.170029
0.172432
0.174835
0.177238
0.179641
0.182045
0.184448
0.186851
0.189254
0.191657
0.194060
0.196463
0.198866
0.201269
0.203673
0.206076
0.208479
0.210882
0.213285
0.215439
0.217224
0.219009
0.220794
0.222579
0.224364
0.226149
0.227934
0.229719
0.231504
0.233290
0.235075
0.236860
0.238645
0.240430
0.242215
0.244000
0.248683
0.254143
0.259603
0.265064
0.270524
0.275984
0.281445
0.286905
0.292365
0.297825
0.303286
0.308746
0.314206
0.319667
0.324956
0.326533
0.328110
0.329687
0.331264
0.332842
0.334419
0.335996
0.337573
0.339150
0.340727
0.342304
0.343882
0.345459
0.348369
0.351827
0.355285
0.358743
0.362200
0.365658
0.369116
0.372574
0.376032
0.379489
0.382947
0.386405
0.388425
0.389347
0.390270
0.391193
0.392115
0.393038
0.393960
0.394883
0.395805
0.396728
0.397651
0.399249
0.401859
0.404469
0.407079
0.409689
0.412299
0.414909
0.417518
0.420128
0.422738
0.425351
0.428069
0.430787
0.433505
0.436224
0.438942
0.441660
0.444378
0.447096
0.449815
0.450677
0.448294
0.445912
0.443529
0.441147
0.438764
0.436382
0.433999
0.431617
0.432288
0.439616
0.446943
0.454271
0.461598
0.468925
0.476253
0.483580
0.490908
0.495550
0.499468
0.503386
0.507304
0.511221
0.515139
0.519057
0.522975
0.523709
0.522645
0.521581
0.520516
0.519452
0.518388
0.517324
0.516259
0.517400
0.518674
0.519947
0.521221
0.522495
0.523768
0.525042
0.523834
0.520564
0.517294
0.514024
0.510754
0.507485
0.504215
0.504935
0.508625
0.512316
0.516006
0.519696
0.523386
0.527076
0.536104
0.545945
0.555786
0.565627
0.575468
0.585309
0.592949
0.595816
0.598682
0.601549
0.604415
0.607282
0.609689
0.601473
0.593258
0.585042
0.576826
0.568610
0.560394
0.558558
0.557503
0.556447
0.555391
0.554335
0.554369
0.567525
0.580681
0.593837
0.606993
0.620149
0.624058
0.610421
0.596784
0.583147
0.569510
0.555873
0.550577
0.547722
0.544866
0.542010
0.539155
0.540781
0.550258
0.559735
0.569212
0.578689
0.586659
0.580133
0.573607
0.567082
0.560556
0.554030
0.542717
0.531282
0.519847
0.508411
0.496976
0.519644
0.543032
0.566420
0.589807
0.610942
0.613929
0.616916
0.619904
0.622891
0.627480
0.634809
0.642137
0.649465
0.656793
0.660851
0.663742
0.666633
0.669524
0.671951
0.672103
0.672256
0.672409
0.672562
0.673383
0.674552
0.675720
0.676888
0.683207
0.708626
0.734045
0.759464
0.784883
0.786457
0.781593
0.776729
0.771865
0.760892
0.742546
0.724199
0.705853
0.694086
0.717722
0.741358
0.764994
0.788630
0.787165
0.781873
0.776582
0.771291
0.763592
0.754336
0.745079
0.735823
0.731750
0.737144
0.742538
0.747932
0.747182
0.714560
0.681938
0.649316
0.616694
0.587152
0.557689
0.528226
0.498763
0.491907
0.490743
0.489579
0.488415
0.494940
0.505730
0.516519
0.527309
0.536801
0.545041
0.553281
0.561521
0.574903
0.598055
0.621207
0.644359
0.664719
0.675070
0.685421
0.695772
0.705486
0.705471
0.705455
0.705439
0.705424
0.694550
0.682284
0.670019
0.657753
0.651956
0.649260
0.646563
0.643866
0.642092
0.641376
0.640661
0.639945
0.642274
0.654909
0.667545
0.680181
0.692816
0.697437
0.701644
0.705850
0.710057
0.699196
0.680540
0.661885
0.643230
0.638179
0.661329
0.684480
0.707631
0.730781
0.721984
0.709981
0.697978
0.685975
0.674793
0.664834
0.654874
0.644915
0.634955
0.646261
0.660700
0.675139
0.689579
0.691991
0.663145
0.634299
0.605453
0.576607
0.559864
0.552626
0.545387
0.538149
0.530910
0.521463
0.511341
0.501219
0.491096
0.480974
0.502499
0.527339
0.552179
0.577019
0.601859
0.620884
0.639498
0.658111
0.676725
0.695339
0.686125
0.672488
0.658851
0.645214
0.631576
0.628797
0.631485
0.634173
0.636860
0.639548
0.641492
0.641147
0.640802
0.640457
0.640112
0.639767
0.649109
0.662249
0.675390
0.684739
0.665474
0.646210
0.626945
0.622683
0.635750
0.648816
0.661883
0.670019
0.676088
0.682158
0.688227
0.668889
0.646460
0.624031
0.602146
0.620952
0.639757
0.658562
0.677241
0.672951
0.668661
0.664372
0.660082
0.659887
0.660288
0.660688
0.661089
0.661072
0.660855
0.660637
0.660419
0.651780
0.627382
0.602983
0.578585
0.554187
0.565777
0.581739
0.597702
0.613665
0.622521
0.614837
0.607153
0.599470
0.591786
0.590992
0.594607
0.598222
0.601837
0.605453
0.595695
0.581985
0.568275
0.554566
0.540856
0.549886
0.564524
0.579162
0.593800
0.608438
0.615246
0.617659
0.620072
0.622485
0.624898
0.625505
0.621976
0.618448
0.614920
0.611392
0.607863
0.614087
0.623729
0.633371
0.643013
0.652654
0.662296
0.660979
0.658440
0.655902
0.653363
0.650825
0.648286
0.656102
0.666845
0.677588
0.688332
0.699075
0.709818
0.709002
0.694287
0.679572
0.664856
0.650141
0.635426
0.621992
0.625886
0.629781
0.633675
0.637569
0.641464
0.645358
0.642621
0.636665
0.630710
0.624755
0.618800
0.612844
0.607212
0.604101
0.600990
0.597880
0.594769
0.591658
0.588547
0.592141
0.601802
0.611464
0.621125
0.630787
0.640448
0.650110
0.655582
0.660548
0.665513
0.670479
0.675444
0.680410
0.687498
0.700830
0.714162
0.727494
0.740826
0.754158
0.767490
0.771925
0.768548
0.765170
0.761793
0.758416
0.755038
0.751661
0.754177
0.757406
0.760635
0.763864
0.767093
0.770322
0.773653
0.778028
0.782403
0.786778
0.791153
0.795528
0.799904
0.803899
0.807126
0.810354
0.813582
0.816809
0.820037
0.823264
0.825495
0.825968
0.826442
0.826915
0.827389
0.827862
0.828336
0.832163
0.838941
0.845719
0.852496
0.859274
0.866052
0.872829
0.876838
0.873250
0.869662
0.866074
0.862487
0.858899
0.855311
0.851724
0.855732
0.860794
0.865857
0.870919
0.875981
0.881043
0.886105
0.889241
0.889492
0.889744
0.889995
0.890246
0.890498
0.890749
0.891001
0.886836
0.882123
0.877410
0.872697
0.867984
0.863271
0.858558
0.854042
0.857192
0.860342
0.863492
0.866641
0.869791
0.872941
0.876091
0.879240
0.881731
0.884180
0.886628
0.889077
0.891525
0.893973
0.896422
0.898870
0.905216
0.915117
0.925017
0.934918
0.944819
0.954719
0.964620
0.974521
0.984422
0.987349
0.988474
0.989600
0.990725
0.991851
0.992977
0.994102
0.995228
0.996353
1.000853
1.005766
1.010678
1.015590
1.020502
1.025414
1.030327
1.035239
1.040151
1.044233
1.046609
1.048985
1.051361
1.053737
1.056113
1.058489
1.060865
1.063241
1.065617
1.068408
1.071688
1.074968
1.078248
1.081528
1.084809
1.088089
1.091369
1.094649
1.097929
1.106590
1.115448
1.124306
1.133164
1.142022
1.150879
1.159737
1.168595
1.177453
1.187617
1.198239
1.208862
1.219484
1.230106
1.240728
1.251351
1.261973
1.272595
1.278783
1.283685
1.288587
1.293489
1.298391
1.303293
1.308195
1.313097
1.317984
1.322590
1.327197
1.331803
1.336410
1.341016
1.345622
1.350229
1.354835
1.359099
1.363139
1.367179
1.371219
1.375259
1.379299
1.383339
1.387380
1.391742
1.397324
1.402906
1.408488
1.414070
1.419653
1.425235
1.430817
1.436399
1.440874
1.445288
1.449702
1.454115
1.458529
1.462942
1.467356
1.471770
1.483795
1.496832
1.509870
1.522908
1.535945
1.548983
1.562021
1.575058
1.576781
1.576775
1.576769
1.576763
1.576758
1.576752
1.576746
1.576740
1.577762
1.578866
1.579969
1.581073
1.582176
1.583280
1.584383
1.585487
1.591443
1.597816
1.604188
1.610561
1.616933
1.623305
1.629678
1.636050
1.638888
1.641365
1.643841
1.646318
1.648795
1.651272
1.653749
1.656226
1.666055
1.676332
1.686610
1.696888
1.707165
1.717443
1.727720
1.737998
1.742857
1.747401
1.751944
1.756487
1.761030
1.765573
1.770117
1.774660
1.777348
1.779812
1.782277
1.784741
1.787205
1.789669
1.792134
1.794598
1.796711
1.798762
1.800813
1.802864
1.804915
1.806966
1.809017
1.811069
1.819015
1.828913
1.838811
1.848709
1.858607
1.868505
1.878403
1.888301
1.895429
1.900287
1.905145
1.910004
1.914862
1.919720
1.924578
1.929436
1.934090
1.938144
1.942197
1.946251
1.950305
1.954358
1.958412
1.962466
1.966519
1.969421
1.971998
1.974574
1.977150
1.979726
1.982302
1.984878
1.987455
1.989762
1.988579
1.987397
1.986214
1.985031
1.983849
1.982666
1.981483
1.980301
1.979891
1.982035
1.984178
1.986322
1.988465
1.990608
1.992752
1.994895
1.997039
1.998548
1.996675
1.994802
1.992929
1.991057
1.989184
1.987311
1.985438
1.983565
1.981693
1.981837
1.982789
1.983741
1.984692
1.985644
1.986596
1.987548
1.988500
1.989452
1.990403
1.991889
1.993477
1.995065
1.996654
1.998242
1.999830
2.001418
2.003007
2.004595
2.006183
2.012296
2.021747
2.031198
2.040648
2.050099
2.059550
2.069001
2.078451
2.087902
2.097353
2.108243
2.120588
2.132932
2.145277
2.157622
2.169967
2.182312
2.194657
2.207002
2.219347
2.228710
2.237445
2.246180
2.254915
2.263650
2.272385
2.281120
2.289855
2.298590
2.310948
2.326278
2.341609
2.356940
2.372270
2.387601
2.402932
2.418262
2.433593
2.449927
2.466915
2.483904
2.500893
2.517882
2.534870
2.551859
2.568848
2.585837
2.603365
2.621017
2.638669
2.656321
2.673972
2.691624
2.709276
2.726927
2.743205
2.755064
2.766923
2.778782
2.790641
2.802500
2.814360
2.826219
2.838078
2.846501
2.854332
2.862164
2.869995
2.877826
2.885658
2.893489
2.901320
2.909971
2.919145
2.928319
2.937492
2.946666
2.955840
2.965013
2.974187
2.987330
3.005007
3.022684
3.040360
3.058037
3.075713
3.093390
3.111067
3.120825
3.119544
3.118263
3.116982
3.115701
3.114420
3.113139
3.111859
3.118633
3.134743
3.150853
3.166963
3.183073
3.199183
3.215293
3.231402
3.250606
3.272133
3.293660
3.315187
3.336714
3.358241
3.379768
3.401295
3.403982
3.398706
3.393430
3.388153
3.382877
3.377601
3.372324
3.367048
3.387520
3.412066
3.436613
3.461160
3.485706
3.510253
3.534800
3.559243
3.565897
3.572550
3.579204
3.585857
3.592510
3.599164
3.605817
3.610666
3.607295
3.603924
3.600553
3.597182
3.593811
3.590440
3.587069
3.587688
3.597236
3.606784
3.616331
3.625879
3.635427
3.644975
3.654523
3.662175
3.666692
3.671208
3.675725
3.680242
3.684759
3.689275
3.693792
3.692277
3.678595
3.664913
3.651231
3.637550
3.623868
3.610186
3.596504
3.587632
3.606327
3.625022
3.643716
3.662411
3.681106
3.699801
3.718496
3.737191
3.740982
3.742330
3.743678
3.745026
3.746374
3.747722
3.749070
3.750418
3.744787
3.729683
3.714579
3.699476
3.684372
3.669268
3.654164
3.639061
3.623957
3.614843
3.607244
3.599645
3.592046
3.584446
3.576847
3.569248
3.561649
3.554049
3.557694
3.561643
3.565591
3.569540
3.573488
3.577437
3.581385
3.585334
3.589282
3.574710
3.556581
3.538452
3.520324
3.502195
3.484066
3.465937
3.447808
3.429679
3.423397
3.434929
3.446461
3.457993
3.469525
3.481057
3.492589
3.504121
3.515653
3.527185
3.524661
3.509606
3.494551
3.479496
3.464442
3.449387
3.434332
3.419277
3.404222
3.389167
3.375325
3.365291
3.355257
3.345223
3.335189
3.325155
3.315121
3.305088
3.295054
3.285020
3.278032
3.287590
3.297148
3.306706
3.316264
3.325822
3.335379
3.344937
3.354495
3.364053
3.382920
3.413477
3.444034
3.474591
3.505148
3.535705
3.566262
3.596819
3.627376
3.657656
3.668367
3.679079
3.689790
3.700501
3.711212
3.721923
3.732635
3.743346
3.754057
3.771186
3.789655
3.808124
3.826593
3.845062
3.863531
3.881999
3.900468
3.918937
3.939087
3.959535
3.979983
4.000432
4.020880
4.041328
4.061777
4.082225
4.102250
4.105552
4.108854
4.112156
4.115458
4.118760
4.122062
4.125364
4.128666
4.144435
4.184488
4.224541
4.264595
4.304648
4.344701
4.384754
4.424808
4.464861
4.463873
4.446613
4.429352
4.412092
4.394831
4.377571
4.360310
4.343049
4.337694
4.386986
4.436278
4.485570
4.534863
4.584155
4.633447
4.682739
4.732032
4.733921
4.714969
4.696017
4.677064
4.658112
4.639160
4.620208
4.601255
4.591317
4.611356
4.631395
4.651434
4.671473
4.691512
4.711551
4.731591
4.751630
4.781072
4.813383
4.845694
4.878005
4.910316
4.942627
4.974938
5.007249
5.025612
5.007369
4.989126
4.970884
4.952641
4.934398
4.916155
4.897913
4.879670
4.881386
4.890321
4.899255
4.908190
4.917124
4.926058
4.934993
4.943927
4.954461
4.975994
4.997526
5.019058
5.040591
5.062123
5.083656
5.105188
5.126720
5.156772
5.198927
5.241082
5.283237
5.325392
5.367547
5.409702
5.451857
5.494011
5.536479
5.579168
5.621857
5.664546
5.707236
5.749925
5.792614
5.835304
5.877993
5.944048
6.020123
6.096199
6.172274
6.248350
6.324425
6.400501
6.476576
6.552652
6.598831
6.625575
6.652318
6.679062
6.705806
6.732550
6.759294
6.786037
6.812781
6.848519
6.904077
6.959635
7.015193
7.070751
7.126309
7.181866
7.237424
7.292982
7.348540
7.396153
7.441252
7.486350
7.531449
7.576548
7.621647
7.666746
7.711845
7.756944
7.802043
7.833367
7.862621
7.891875
7.921129
7.950383
7.979636
8.008890
8.038144
8.067398
8.096652
8.149200
8.227076
8.304951
8.382826
8.460702
8.538577
8.616452
8.694328
8.772203
8.850079
8.927954
9.014337
9.106106
9.197874
9.289643
9.381412
9.473180
9.564949
9.656717
9.748486
9.840254
9.932023
10.013608
10.094151
10.174693
10.255236
10.335778
10.416321
10.496864
10.577406
10.657949
10.738492
10.915028
11.132959
11.350891
11.568822
11.786753
12.004685
12.222616
12.440548
12.658479
12.876411
13.014355
13.141381
13.268407
13.395433
13.522459
13.649485
13.776511
13.903537
14.030563
14.182526
14.372215
14.561904
14.751593
14.941282
15.130971
15.320660
15.510349
15.700038
15.887800
16.065547
16.243293
16.421039
16.598785
16.776531
16.954277
17.132023
17.309769
17.486422
17.655753
17.825085
17.994416
18.163748
18.333079
18.502411
18.671742
18.841074
19.052760
19.383018
19.713277
20.043535
20.373793
20.704052
21.034310
21.364569
21.694827
21.907209
22.014618
22.122028
22.229438
22.336847
22.444257
22.551667
22.659076
22.766486
22.987231
23.220932
23.454633
23.688333
23.922034
24.155735
24.389436
24.623137
24.818513
24.940800
25.063087
25.185375
25.307662
25.429949
25.552236
25.674523
25.796811
25.760045
25.694461
25.628877
25.563293
25.497709
25.432125
25.366540
25.300956
25.277966
25.326930
25.375893
25.424857
25.473821
25.522784
25.571748
25.620712
25.669675
25.615256
25.548151
25.481045
25.413939
25.346834
25.279728
25.212622
25.145517
25.088022
25.045687
25.003353
24.961018
24.918683
24.876349
24.834014
24.791680
24.749345
24.886458
25.058295
25.230132
25.401969
25.573806
25.745643
25.917480
26.089318
26.211771
26.159327
26.106882
26.054438
26.001994
25.949549
25.897105
25.844661
25.792216
25.766629
