0.668379
0.668379
0.668379
0.668379
0.668379
0.668379
0.668379
0.668379
0.668379
0.668379
0.668379
0.668379
0.668379
0.668379
0.668379
0.668379
0.668379
0.668379
0.668379
0.668379
0.668379
0.668379
0.668379
0.668379
0.668379
0.668379
0.668379
0.668379
0.668379
0.668379
0.668379
0.668379
0.668379
0.668379
0.668379
0.668379
0.668379
0.668379
0.668379
0.668379
0.668379
0.668379
0.668379
0.668379
0.668379
0.668379
0.668379
0.668379
0.668379
0.668379
0.668379
0.668379
0.668379
0.668379
0.668379
0.668379
0.668379
0.668379
0.668379
0.668379
0.668379
0.668379
0.668379
0.668379
0.668379
0.668379
0.668379
0.668379
0.668379
0.661976
0.655432
0.648887
0.642343
0.635798
0.629254
0.622710
0.616165
0.609621
0.603076
0.596532
0.589987
0.583443
0.576899
0.570354
0.563810
0.557265
0.550721
0.544176
0.537632
0.531088
0.524543
0.517999
0.511454
0.504910
0.498365
0.491821
0.485277
0.478732
0.472188
0.465643
0.459099
0.452554
0.446010
0.439466
0.432921
0.426377
0.419832
0.413288
0.406743
0.400199
0.393655
0.387110
0.380566
0.374021
0.367477
0.360933
0.354388
0.347844
0.341299
0.334755
0.328210
0.321666
0.315122
0.308577
0.302033
0.295488
0.288944
0.282399
0.275855
0.269311
0.262766
0.256222
0.249677
0.243133
0.236588
0.230044
0.223500
0.216955
0.210411
0.203866
0.197322
0.190777
0.184233
0.177689
0.171144
0.164600
0.158055
0.151511
0.144966
0.145008
0.145195
0.145382
0.145569
0.145755
0.145942
0.146129
0.146316
0.146503
0.146690
0.146876
0.147063
0.147250
0.147437
0.147624
0.147811
0.147997
0.148184
0.148371
0.148558
0.148745
0.148932
0.149119
0.149305
0.149492
0.149679
0.149866
0.150053
0.150240
0.150426
0.150613
0.150800
0.150987
0.151174
0.151361
0.151548
0.151734
0.151921
0.152108
0.152295
0.152482
0.152669
0.152855
0.153042
0.153229
0.153416
0.153603
0.153790
0.153976
0.154163
0.154350
0.154537
0.154724
0.154911
0.155098
0.155284
0.155471
0.155658
0.155845
0.156032
0.156219
0.156405
0.156592
0.156779
0.156966
0.157153
0.157340
0.157527
0.157713
0.157900
0.158087
0.158274
0.158461
0.158648
0.158834
0.159021
0.159208
0.159395
0.159582
0.159769
0.159223
0.158661
0.158100
0.157538
0.156977
0.156415
0.155853
0.155292
0.154730
0.154168
0.153607
0.153045
0.152483
0.151922
0.151360
0.150798
0.150237
0.149675
0.149114
0.148552
0.147990
0.147429
0.146867
0.146305
0.145744
0.145182
0.144620
0.144059
0.143497
0.142935
0.142374
0.141812
0.141250
0.140689
0.140127
0.139566
0.139004
0.138442
0.137881
0.137319
0.136757
0.136196
0.135634
0.135072
0.134511
0.133949
0.133387
0.132826
0.132264
0.131703
0.131141
0.130579
0.130018
0.129456
0.128894
0.128333
0.127771
0.127209
0.126648
0.126086
0.125524
0.124963
0.124401
0.123839
0.123278
0.122716
0.122155
0.121593
0.121031
0.120470
0.119908
0.119346
0.118785
0.118223
0.117661
0.117100
0.116538
0.115976
0.115415
0.114853
0.114114
0.113371
0.112628
0.111884
0.111141
0.110398
0.109655
0.108912
0.108169
0.107425
0.106682
0.105939
0.105196
0.104453
0.103709
0.102966
0.102223
0.101480
0.100737
0.099994
0.099250
0.098507
0.097764
0.097021
0.096278
0.095535
0.094791
0.094048
0.093305
0.092562
0.091819
0.091076
0.090332
0.089589
0.088846
0.088103
0.087360
0.086617
0.085873
0.085130
0.084387
0.083644
0.082901
0.082158
0.081414
0.080671
0.079928
0.079185
0.078442
0.077698
0.076955
0.076212
0.075469
0.074726
0.073983
0.073239
0.072496
0.071753
0.071010
0.070267
0.069524
0.068780
0.068037
0.067294
0.066551
0.065808
0.065065
0.064321
0.063578
0.062835
0.062092
0.061349
0.060606
0.059862
0.059119
0.058376
0.057633
0.056890
0.056147
0.055403
0.055014
0.054632
0.054251
0.053869
0.053487
0.053106
0.052724
0.052343
0.051961
0.051579
0.051198
0.050816
0.050434
0.050053
0.049671
0.049290
0.048908
0.048526
0.048145
0.047763
0.047381
0.047000
0.046618
0.046237
0.045855
0.045473
0.045092
0.044710
0.044328
0.043947
0.043565
0.043183
0.042802
0.042420
0.042039
0.041657
0.041275
0.040894
0.040512
0.040130
0.039749
0.039367
0.038986
0.038604
0.038222
0.037841
0.037459
0.037077
0.036696
0.036314
0.035933
0.035551
0.035169
0.034788
0.034406
0.034024
0.033643
0.033261
0.032880
0.032498
0.032116
0.031735
0.031353
0.030971
0.030590
0.030208
0.029827
0.029445
0.029063
0.028682
0.028300
0.027918
0.027537
0.027155
0.026774
0.026392
0.026010
0.025629
0.025247
0.024865
0.024773
0.024687
0.024602
0.024516
0.024430
0.024344
0.024258
0.024172
0.024087
0.024001
0.023915
0.023829
0.023743
0.023657
0.023572
0.023486
0.023400
0.023314
0.023228
0.023142
0.023056
0.022971
0.022885
0.022799
0.022713
0.022627
0.022541
0.022456
0.022370
0.022284
0.022198
0.022112
0.022026
0.021941
0.021855
0.021769
0.021683
0.021597
0.021511
0.021426
0.021340
0.021254
0.021168
0.021082
0.020996
0.020911
0.020825
0.020739
0.020653
0.020567
0.020481
0.020396
0.020310
0.020224
0.020138
0.020052
0.019966
0.019881
0.019795
0.019709
0.019623
0.019537
0.019451
0.019366
0.019280
0.019194
0.019108
0.019022
0.018936
0.018851
0.018765
0.018679
0.018593
0.018507
0.018421
0.018336
0.018250
0.018164
0.018078
0.017992
0.018136
0.018284
0.018433
0.018582
0.018730
0.018879
0.019028
0.019176
0.019325
0.019474
0.019622
0.019771
0.019920
0.020068
0.020217
0.020366
0.020514
0.020663
0.020812
0.020960
0.021109
0.021258
0.021406
0.021555
0.021704
0.021852
0.022001
0.022150
0.022298
0.022447
0.022596
0.022744
0.022893
0.023042
0.023190
0.023339
0.023488
0.023636
0.023785
0.023933
0.024082
0.024231
0.024379
0.024528
0.024677
0.024825
0.024974
0.025123
0.025271
0.025420
0.025569
0.025717
0.025866
0.026015
0.026163
0.026312
0.026461
0.026609
0.026758
0.026907
0.027055
0.027204
0.027353
0.027501
0.027650
0.027799
0.027947
0.028096
0.028245
0.028393
0.028542
0.028691
0.028839
0.028988
0.029137
0.029285
0.029434
0.029583
0.029731
0.029880
0.029907
0.029931
0.029956
0.029980
0.030005
0.030029
0.030053
0.030078
0.030102
0.030127
0.030151
0.030175
0.030200
0.030224
0.030249
0.030273
0.030297
0.030322
0.030346
0.030371
0.030395
0.030419
0.030444
0.030468
0.030493
0.030517
0.030542
0.030566
0.030590
0.030615
0.030639
0.030664
0.030688
0.030712
0.030737
0.030761
0.030786
0.030810
0.030834
0.030859
0.030883
0.030908
0.030932
0.030956
0.030981
0.031005
0.031030
0.031054
0.031078
0.031103
0.031127
0.031152
0.031176
0.031200
0.031225
0.031249
0.031274
0.031298
0.031322
0.031347
0.031371
0.031396
0.031420
0.031444
0.031469
0.031493
0.031518
0.031542
0.031567
0.031591
0.031615
0.031640
0.031664
0.031689
0.031713
0.031737
0.031762
0.031786
0.031811
0.031835
0.031875
0.031916
0.031956
0.031996
0.032037
0.032077
0.032118
0.032158
0.032199
0.032239
0.032280
0.032320
0.032361
0.032401
0.032442
0.032482
0.032522
0.032563
0.032603
0.032644
0.032684
0.032725
0.032765
0.032806
0.032846
0.032887
0.032927
0.032968
0.033008
0.033048
0.033089
0.033129
0.033170
0.033210
0.033251
0.033291
0.033332
0.033372
0.033413
0.033453
0.033494
0.033534
0.033574
0.033615
0.033655
0.033696
0.033736
0.033777
0.033817
0.033858
0.033898
0.033939
0.033979
0.034020
0.034060
0.034100
0.034141
0.034181
0.034222
0.034262
0.034303
0.034343
0.034384
0.034424
0.034465
0.034505
0.034546
0.034586
0.034626
0.034667
0.034707
0.034748
0.034788
0.034829
0.034869
0.034910
0.034950
0.034991
0.035031
0.035072
0.035009
0.034945
0.034881
0.034816
0.034752
0.034688
0.034623
0.034559
0.034495
0.034430
0.034366
0.034302
0.034237
0.034173
0.034109
0.034044
0.033980
0.033915
0.033851
0.033787
0.033722
0.033658
0.033594
0.033529
0.033465
0.033401
0.033336
0.033272
0.033208
0.033143
0.033079
0.033015
0.032950
0.032886
0.032821
0.032757
0.032693
0.032628
0.032564
0.032500
0.032435
0.032371
0.032307
0.032242
0.032178
0.032114
0.032049
0.031985
0.031921
0.031856
0.031792
0.031727
0.031663
0.031599
0.031534
0.031470
0.031406
0.031341
0.031277
0.031213
0.031148
0.031084
0.031020
0.030955
0.030891
0.030826
0.030762
0.030698
0.030633
0.030569
0.030505
0.030440
0.030376
0.030312
0.030247
0.030183
0.030119
0.030054
0.029990
0.029926
0.029910
0.029895
0.029881
0.029867
0.029852
0.029838
0.029823
0.029809
0.029794
0.029780
0.029765
0.029751
0.029736
0.029722
0.029707
0.029693
0.029678
0.029664
0.029649
0.029635
0.029620
0.029606
0.029591
0.029577
0.029562
0.029548
0.029533
0.029519
0.029504
0.029490
0.029475
0.029461
0.029446
0.029432
0.029417
0.029403
0.029388
0.029374
0.029360
0.029345
0.029331
0.029316
0.029302
0.029287
0.029273
0.029258
0.029244
0.029229
0.029215
0.029200
0.029186
0.029171
0.029157
0.029142
0.029128
0.029113
0.029099
0.029084
0.029070
0.029055
0.029041
0.029026
0.029012
0.028997
0.028983
0.028968
0.028954
0.028939
0.028925
0.028910
0.028896
0.028881
0.028867
0.028853
0.028838
0.028824
0.028809
0.028795
0.028780
0.028766
0.028893
0.029024
0.029155
0.029285
0.029416
0.029547
0.029678
0.029808
0.029939
0.030070
0.030200
0.030331
0.030462
0.030593
0.030723
0.030854
0.030985
0.031115
0.031246
0.031377
0.031508
0.031638
0.031769
0.031900
0.032030
0.032161
0.032292
0.032423
0.032553
0.032684
0.032815
0.032946
0.033076
0.033207
0.033338
0.033468
0.033599
0.033730
0.033861
0.033991
0.034122
0.034253
0.034383
0.034514
0.034645
0.034776
0.034906
0.035037
0.035168
0.035298
0.035429
0.035560
0.035691
0.035821
0.035952
0.036083
0.036214
0.036344
0.036475
0.036606
0.036736
0.036867
0.036998
0.037129
0.037259
0.037390
0.037521
0.037651
0.037782
0.037913
0.038044
0.038174
0.038305
0.038436
0.038566
0.038697
0.038828
0.038959
0.039089
0.039284
0.039500
0.039715
0.039931
0.040146
0.040361
0.040577
0.040792
0.041007
0.041223
0.041438
0.041654
0.041869
0.042084
0.042300
0.042515
0.042731
0.042946
0.043161
0.043377
0.043592
0.043808
0.044023
0.044238
0.044454
0.044669
0.044884
0.045100
0.045315
0.045531
0.045746
0.045961
0.046177
0.046392
0.046608
0.046823
0.047038
0.047254
0.047469
0.047685
0.047900
0.048115
0.048331
0.048546
0.048761
0.048977
0.049192
0.049408
0.049623
0.049838
0.050054
0.050269
0.050485
0.050700
0.050915
0.051131
0.051346
0.051562
0.051777
0.051992
0.052208
0.052423
0.052639
0.052854
0.053069
0.053285
0.053500
0.053715
0.053931
0.054158
0.054443
0.054728
0.055014
0.055299
0.055584
0.055870
0.056155
0.056440
0.056725
0.057011
0.057296
0.057581
0.057867
0.058152
0.058437
0.058723
0.059008
0.059293
0.059579
0.059864
0.060149
0.060435
0.060720
0.061005
0.061291
0.061576
0.061861
0.062147
0.062432
0.062717
0.063003
0.063288
0.063573
0.063859
0.064144
0.064429
0.064715
0.065000
0.065285
0.065571
0.065856
0.066141
0.066427
0.066712
0.066997
0.067282
0.067568
0.067853
0.068138
0.068424
0.068709
0.068994
0.069280
0.069565
0.069850
0.070136
0.070421
0.070706
0.070992
0.071332
0.071784
0.072237
0.072689
0.073142
0.073595
0.074047
0.074500
0.074952
0.075405
0.075857
0.076310
0.076763
0.077215
0.077668
0.078120
0.078573
0.079026
0.079478
0.079931
0.080383
0.080836
0.081288
0.081741
0.082194
0.082646
0.083099
0.083551
0.084004
0.084456
0.084909
0.085362
0.085814
0.086267
0.086719
0.087172
0.087625
0.088077
0.088530
0.088982
0.089435
0.089887
0.090340
0.090793
0.091245
0.091698
0.092150
0.092603
0.093056
0.093508
0.093961
0.094413
0.094866
0.095290
0.095708
0.096125
0.096542
0.096960
0.097377
0.097794
0.098212
0.098629
0.099046
0.099464
0.099881
0.100298
0.100716
0.101133
0.101550
0.101968
0.102385
0.102802
0.103220
0.103637
0.104054
0.104471
0.104889
0.105306
0.105723
0.106141
0.106558
0.106975
0.107393
0.107810
0.108227
0.108645
0.109062
0.109479
0.109897
0.110314
0.110731
0.111149
0.111566
0.111983
0.112401
0.112818
0.113235
0.113653
0.114070
0.114487
0.114916
0.115355
0.115794
0.116233
0.116673
0.117112
0.117551
0.117990
0.118430
0.118869
0.119308
0.119747
0.120186
0.120626
0.121065
0.121504
0.121943
0.122383
0.122822
0.123261
0.123700
0.124140
0.124579
0.125018
0.125457
0.125896
0.126336
0.126775
0.127214
0.127653
0.128093
0.128532
0.128971
0.129410
0.129850
0.130289
0.130728
0.131167
0.131606
0.132046
0.132485
0.132924
0.133363
0.133803
0.134242
0.134948
0.136005
0.137062
0.138118
0.139175
0.140232
0.141288
0.142345
0.143402
0.144459
0.145515
0.146572
0.147629
0.148686
0.149742
0.150799
0.151856
0.152913
0.153969
0.155026
0.156083
0.157140
0.158196
0.159253
0.160310
0.161367
0.162423
0.163480
0.164537
0.165593
0.166650
0.167707
0.168764
0.169820
0.170877
0.171934
0.172991
0.174047
0.175104
0.176161
0.177218
0.178274
0.179331
0.180388
0.180479
0.180520
0.180562
0.180603
0.180645
0.180686
0.180728
0.180769
0.180811
0.180852
0.180894
0.180935
0.180977
0.181019
0.181060
0.181102
0.181143
0.181185
0.181226
0.181268
0.181309
0.181351
0.181392
0.181434
0.181475
0.181517
0.181559
0.181600
0.181642
0.181683
0.181725
0.181766
0.181808
0.181849
0.181891
0.181932
0.181974
0.182015
0.182057
0.182098
0.182140
0.182182
0.182223
0.182265
0.182306
0.182366
0.182840
0.183314
0.183787
0.184261
0.184735
0.185208
0.185682
0.186156
0.186629
0.187103
0.187576
0.188050
0.188524
0.188997
0.189471
0.189945
0.190418
0.190892
0.191366
0.191839
0.192313
0.192786
0.193260
0.193734
0.194207
0.194681
0.195155
0.195628
0.196102
0.196575
0.197049
0.197523
0.197996
0.198470
0.198944
0.199417
0.199891
0.200365
0.200838
0.201312
0.201785
0.202259
0.202733
0.203206
0.203680
0.203963
0.204105
0.204247
0.204389
0.204530
0.204672
0.204814
0.204956
0.205097
0.205239
0.205381
0.205523
0.205664
0.205806
0.205948
0.206090
0.206232
0.206373
0.206515
0.206657
0.206799
0.206940
0.207082
0.207224
0.207366
0.207507
0.207649
0.207791
0.207933
0.208074
0.208216
0.208358
0.208500
0.208641
0.208783
0.208925
0.209067
0.209209
0.209350
0.209492
0.209634
0.209776
0.209917
0.210059
0.210201
0.210343
0.210484
0.210626
0.210768
0.210928
0.211185
0.211441
0.211697
0.211954
0.212210
0.212467
0.212723
0.212980
0.213236
0.213492
0.213749
0.214005
0.214262
0.214518
0.214775
0.215031
0.215287
0.215544
0.215800
0.216057
0.216313
0.216570
0.216826
0.217082
0.217339
0.217595
0.217852
0.218108
0.218365
0.218621
0.218877
0.219134
0.219390
0.219647
0.219903
0.220160
0.220416
0.220672
0.220929
0.221185
0.221442
0.221698
0.221954
0.222211
0.222467
0.222724
0.222980
0.223237
0.223493
0.223749
0.224006
0.224236
0.224040
0.223845
0.223650
0.223455
0.223259
0.223064
0.222869
0.222673
0.222478
0.222283
0.222088
0.221892
0.221697
0.221502
0.221307
0.221111
0.220916
0.220721
0.220526
0.220330
0.220135
0.219940
0.219744
0.219549
0.219354
0.219159
0.218963
0.218768
0.218573
0.218378
0.218182
0.217987
0.217792
0.217596
0.217401
0.217206
0.217011
0.216815
0.216620
0.216425
0.216230
0.216034
0.215839
0.215644
0.215448
0.215253
0.215058
0.214863
0.214667
0.214472
0.214277
0.214082
0.213886
0.213691
0.213496
0.213301
0.213105
0.212910
0.212508
0.212086
0.211665
0.211244
0.210823
0.210401
0.209980
0.209559
0.209137
0.208716
0.208295
0.207874
0.207452
0.207031
0.206610
0.206188
0.205767
0.205346
0.204925
0.204503
0.204082
0.203661
0.203239
0.202818
0.202397
0.201976
0.201554
0.201133
0.200712
0.200290
0.199869
0.199448
0.199027
0.198605
0.198184
0.197763
0.197341
0.196920
0.196499
0.196078
0.195656
0.195235
0.194814
0.194392
0.193971
0.193550
0.193129
0.192707
0.192286
0.191865
0.191443
0.191022
0.190601
0.190180
0.189758
0.189337
0.188916
0.188494
0.188073
0.187652
0.187226
0.186791
0.186356
0.185921
0.185486
0.185051
0.184616
0.184181
0.183746
0.183311
0.182876
0.182441
0.182006
0.181571
0.181136
0.180701
0.180267
0.179832
0.179397
0.178962
0.178527
0.178092
0.177657
0.177222
0.176787
0.176352
0.175917
0.175482
0.175047
0.174612
0.174177
0.173742
0.173307
0.172873
0.172438
0.172003
0.171568
0.171133
0.170698
0.170263
0.169828
0.169393
0.168958
0.168523
0.168088
0.167653
0.167218
0.166783
0.166348
0.165914
0.165479
0.165044
0.164609
0.164174
0.163739
0.163304
0.162869
0.162434
0.161999
0.161564
0.161129
0.160694
0.160259
0.159824
0.159389
0.158954
0.158565
0.158204
0.157843
0.157482
0.157121
0.156761
0.156400
0.156039
0.155678
0.155317
0.154956
0.154595
0.154235
0.153874
0.153513
0.153152
0.152791
0.152430
0.152069
0.151709
0.151348
0.150987
0.150626
0.150265
0.149904
0.149543
0.149183
0.148822
0.148461
0.148100
0.147739
0.147378
0.147017
0.146657
0.146296
0.145935
0.145574
0.145213
0.144852
0.144491
0.144130
0.143770
0.143409
0.143048
0.142687
0.142326
0.141965
0.141604
0.141244
0.140883
0.140522
0.140161
0.139800
0.139439
0.139078
0.138718
0.138357
0.137996
0.137635
0.137274
0.136913
0.136552
0.136192
0.135831
0.135470
0.135109
0.134748
0.134387
0.134026
0.133666
0.133305
0.132944
0.132583
0.132230
0.131891
0.131551
0.131211
0.130871
0.130531
0.130191
0.129851
0.129511
0.129171
0.128831
0.128492
0.128152
0.127812
0.127472
0.127132
0.126792
0.126452
0.126112
0.125772
0.125433
0.125093
0.124753
0.124413
0.124073
0.123733
0.123393
0.123053
0.122713
0.122373
0.122034
0.121694
0.121354
0.121014
0.120674
0.120334
0.119994
0.119654
0.119314
0.118975
0.118635
0.118295
0.117955
0.117615
0.117275
0.116935
0.116595
0.116255
0.115915
0.115576
0.115236
0.114896
0.114556
0.114216
0.113876
0.113536
0.113196
0.112856
0.112517
0.112177
0.111837
0.111497
0.111157
0.110817
0.110477
0.110137
0.109797
0.109458
0.109118
0.108778
0.108438
0.108098
0.107758
0.107418
0.107078
0.106738
0.106398
0.106045
0.105570
0.105095
0.104621
0.104146
0.103671
0.103197
0.102722
0.102247
0.101773
0.101298
0.100823
0.100349
0.099874
0.099400
0.098925
0.098450
0.097976
0.097501
0.097026
0.096552
0.096077
0.095602
0.095128
0.094653
0.094178
0.093704
0.093229
0.092755
0.092280
0.091805
0.091331
0.090856
0.090381
0.089907
0.089432
0.088957
0.088483
0.088008
0.087533
0.087059
0.086584
0.086110
0.085635
0.085160
0.084686
0.084211
0.083736
0.083262
0.082787
0.082312
0.081838
0.081363
0.080888
0.080414
0.079939
0.079465
0.078990
0.078515
0.078041
0.077566
0.077091
0.076617
0.076142
0.075667
0.075193
0.074718
0.074243
0.073769
0.073294
0.072820
0.072345
0.071870
0.071396
0.070921
0.070446
0.069972
0.069497
0.069022
0.068548
0.068243
0.068020
0.067797
0.067574
0.067352
0.067129
0.066906
0.066683
0.066461
0.066238
0.066015
0.065792
0.065569
0.065347
0.065124
0.064901
0.064678
0.064455
0.064233
0.064010
0.063787
0.063564
0.063342
0.063119
0.062896
0.062673
0.062450
0.062228
0.062005
0.061782
0.061559
0.061336
0.061114
0.060891
0.060668
0.060445
0.060223
0.060000
0.059777
0.059554
0.059331
0.059109
0.058886
0.058663
0.058440
0.058217
0.057995
0.057772
0.057549
0.057326
0.057104
0.056881
0.056658
0.056435
0.056212
0.055990
0.055767
0.055544
0.055321
0.055098
0.054876
0.054653
0.054430
0.054207
0.053985
0.053762
0.053539
0.053316
0.053093
0.052871
0.052648
0.052425
0.052202
0.051979
0.051757
0.051534
0.051311
0.051050
0.050742
0.050434
0.050126
0.049818
0.049510
0.049202
0.048894
0.048586
0.048278
0.047970
0.047662
0.047354
0.047046
0.046738
0.046430
0.046122
0.045814
0.045506
0.045198
0.044890
0.044582
0.044274
0.043966
0.043658
0.043350
0.043042
0.042734
0.042426
0.042118
0.041810
0.041502
0.041194
0.040886
0.040578
0.040270
0.039962
0.039654
0.039346
0.039038
0.038730
0.038422
0.038114
0.037806
0.037498
0.037190
0.036882
0.036574
0.036266
0.035958
0.035649
0.035341
0.035033
0.034725
0.034417
0.034109
0.033801
0.033493
0.033185
0.032877
0.032569
0.032261
0.031953
0.031645
0.031337
0.031029
0.030721
0.030413
0.030105
0.029797
0.029489
0.029181
0.028873
0.028565
0.028257
0.027949
0.027641
0.027350
0.027306
0.027262
0.027218
0.027174
0.027130
0.027086
0.027042
0.026998
0.026954
0.026911
0.026867
0.026823
0.026779
0.026735
0.026691
0.026647
0.026603
0.026559
0.026515
0.026471
0.026427
0.026383
0.026340
0.026296
0.026252
0.026208
0.026164
0.026120
0.026076
0.026032
0.025988
0.025944
0.025900
0.025856
0.025813
0.025769
0.025725
0.025681
0.025637
0.025593
0.025549
0.025505
0.025461
0.025417
0.025373
0.025329
0.025285
0.025242
0.025198
0.025154
0.025110
0.025066
0.025022
0.024978
0.024934
0.024890
0.024846
0.024802
0.024758
0.024715
0.024671
0.024627
0.024583
0.024539
0.024495
0.024451
0.024407
0.024363
0.024319
0.024275
0.024231
0.024187
0.024144
0.024100
0.024056
0.024012
0.023968
0.023924
0.023880
0.024023
0.024229
0.024435
0.024641
0.024846
0.025052
0.025258
0.025464
0.025670
0.025876
0.026081
0.026287
0.026493
0.026699
0.026905
0.027111
0.027316
0.027522
0.027728
0.027934
0.028140
0.028345
0.028551
0.028757
0.028963
0.029169
0.029375
0.029580
0.029786
0.029992
0.030198
0.030404
0.030610
0.030815
0.031021
0.031227
0.031433
0.031639
0.031844
0.032050
0.032256
0.032462
0.032668
0.032874
0.033079
0.033285
0.033491
0.033697
0.033903
0.034109
0.034314
0.034520
0.034726
0.034932
0.035138
0.035344
0.035549
0.035755
0.035961
0.036167
0.036373
0.036578
0.036784
0.036990
0.037196
0.037402
0.037608
0.037813
0.038019
0.038225
0.038431
0.038637
0.038843
0.039048
0.039254
0.039460
0.039666
0.039872
0.040077
0.040283
0.040624
0.041010
0.041397
0.041783
0.042169
0.042555
0.042941
0.043327
0.043713
0.044100
0.044486
0.044872
0.045258
0.045644
0.046030
0.046417
0.046803
0.047189
0.047575
0.047961
0.048347
0.048734
0.049120
0.049506
0.049892
0.050278
0.050664
0.051051
0.051437
0.051823
0.052209
0.052595
0.052981
0.053368
0.053754
0.054140
0.054526
0.054912
0.055298
0.055685
0.056071
0.056457
0.056843
0.057229
0.057615
0.058002
0.058388
0.058774
0.059160
0.059546
0.059932
0.060318
0.060705
0.061091
0.061477
0.061863
0.062249
0.062635
0.063022
0.063408
0.063794
0.064180
0.064566
0.064952
0.065339
0.065725
0.066111
0.066497
0.066883
0.067269
0.067656
0.068042
0.068428
0.068814
0.069200
0.069586
0.069973
0.070359
0.070745
0.071131
0.071356
0.071556
0.071756
0.071957
0.072157
0.072358
0.072558
0.072758
0.072959
0.073159
0.073360
0.073560
0.073760
0.073961
0.074161
0.074362
0.074562
0.074762
0.074963
0.075163
0.075364
0.075564
0.075764
0.075965
0.076165
0.076366
0.076566
0.076767
0.076967
0.077167
0.077368
0.077568
0.077769
0.077969
0.078169
0.078370
0.078570
0.078771
0.078971
0.079171
0.079372
0.079572
0.079773
0.079973
0.080173
0.080374
0.080574
0.080775
0.080975
0.081176
0.081376
0.081576
0.081777
0.081977
0.082178
0.082378
0.082578
0.082779
0.082979
0.083180
0.083380
0.083580
0.083781
0.083981
0.084182
0.084382
0.084582
0.084783
0.084983
0.085184
0.085384
0.085584
0.085785
0.085985
0.086186
0.086386
0.086587
0.086787
0.086987
0.087188
0.087017
0.086663
0.086309
0.085955
0.085602
0.085248
0.084894
0.084540
0.084186
0.083833
0.083479
0.083125
0.082771
0.082417
0.082064
0.081710
0.081356
0.081002
0.080649
0.080295
0.079941
0.079587
0.079233
0.078880
0.078526
0.078172
0.077818
0.077465
0.077111
0.076757
0.076403
0.076049
0.075696
0.075342
0.074988
0.074634
0.074281
0.073927
0.073573
0.073219
0.072865
0.072512
0.072158
0.071804
0.071450
0.071097
0.070743
0.070389
0.070035
0.069681
0.069328
0.068974
0.068620
0.068266
0.067913
0.067559
0.067205
0.066851
0.066497
0.066144
0.065790
0.065436
0.065082
0.064729
0.064375
0.064021
0.063667
0.063313
0.062960
0.062606
0.062252
0.061898
0.061544
0.061191
0.060837
0.060483
0.060129
0.059776
0.059422
0.059068
0.058696
0.058315
0.057934
0.057554
0.057173
0.056792
0.056411
0.056030
0.055649
0.055268
0.054888
0.054507
0.054126
0.053745
0.053364
0.052983
0.052603
0.052222
0.051841
0.051460
0.051079
0.050698
0.050317
0.049937
0.049556
0.049175
0.048794
0.048413
0.048032
0.047652
0.047271
0.046890
0.046509
0.046128
0.045747
0.045366
0.044986
0.044605
0.044224
0.043843
0.043462
0.043081
0.042701
0.042320
0.041939
0.041558
0.041177
0.040796
0.040415
0.040035
0.039654
0.039273
0.038892
0.038511
0.038130
0.037749
0.037369
0.036988
0.036607
0.036226
0.035845
0.035464
0.035084
0.034703
0.034322
0.033941
0.033560
0.033179
0.032798
0.032418
0.032037
0.031656
0.031275
0.030894
0.030513
0.030133
0.029752
0.029371
0.028990
0.028609
0.028484
