0.668379
0.668379
0.668379
0.668379
0.668379
0.668379
0.668379
0.668379
0.668379
0.668379
0.668379
0.668379
0.668379
0.668379
0.668379
0.668379
0.668379
0.668379
0.668379
0.668379
0.668379
0.668379
0.668379
0.668379
0.668379
0.668379
0.668379
0.668379
0.668379
0.668379
0.668379
0.668379
0.668379
0.668379
0.668379
0.668379
0.668379
0.668379
0.668379
0.668379
0.668379
0.668379
0.668379
0.668379
0.668379
0.668379
0.668379
0.668379
0.668379
0.668379
0.668379
0.668379
0.668379
0.668379
0.668379
0.668379
0.668379
0.668379
0.668379
0.668379
0.668379
0.668379
0.668379
0.668379
0.668379
0.668379
0.668379
0.668379
0.668379
0.662015
0.655510
0.649005
0.642500
0.635995
0.629490
0.622985
0.616480
0.609976
0.603471
0.596966
0.590461
0.583956
0.577451
0.570946
0.564441
0.557936
0.551431
0.544927
0.538422
0.531917
0.525412
0.518907
0.512402
0.505897
0.499392
0.492887
0.486382
0.479877
0.473373
0.466868
0.460363
0.453858
0.447353
0.440848
0.434343
0.427838
0.421333
0.414828
0.408323
0.401819
0.395314
0.388809
0.382304
0.375799
0.369294
0.362789
0.356284
0.349779
0.343274
0.336770
0.330265
0.323760
0.317255
0.310750
0.304245
0.297740
0.291235
0.284730
0.278225
0.271720
0.265216
0.258711
0.252206
0.245701
0.239196
0.232691
0.226186
0.219681
0.213176
0.206671
0.200167
0.193662
0.187157
0.180652
0.174147
0.167642
0.161137
0.154632
0.148127
0.147262
0.146521
0.145780
0.145039
0.144298
0.143558
0.142817
0.142076
0.141335
0.140594
0.139853
0.139112
0.138371
0.137631
0.136890
0.136149
0.135408
0.134667
0.133926
0.133185
0.132444
0.131704
0.130963
0.130222
0.129481
0.128740
0.127999
0.127258
0.126517
0.125776
0.125036
0.124295
0.123554
0.122813
0.122072
0.121331
0.120590
0.119849
0.119109
0.118368
0.117627
0.116886
0.116145
0.115404
0.114663
0.113922
0.113182
0.112441
0.111700
0.110959
0.110218
0.109477
0.108736
0.107995
0.107254
0.106514
0.105773
0.105032
0.104291
0.103550
0.102809
0.102068
0.101327
0.100587
0.099846
0.099105
0.098364
0.097623
0.096882
0.096141
0.095400
0.094659
0.093919
0.093178
0.092437
0.091696
0.090955
0.090214
0.089473
0.088732
0.088218
0.087708
0.087198
0.086688
0.086178
0.085668
0.085158
0.084648
0.084138
0.083628
0.083118
0.082609
0.082099
0.081589
0.081079
0.080569
0.080059
0.079549
0.079039
0.078529
0.078019
0.077509
0.077000
0.076490
0.075980
0.075470
0.074960
0.074450
0.073940
0.073430
0.072920
0.072410
0.071901
0.071391
0.070881
0.070371
0.069861
0.069351
0.068841
0.068331
0.067821
0.067311
0.066801
0.066292
0.065782
0.065272
0.064762
0.064252
0.063742
0.063232
0.062722
0.062212
0.061702
0.061192
0.060683
0.060173
0.059663
0.059153
0.058643
0.058133
0.057623
0.057113
0.056603
0.056093
0.055583
0.055074
0.054564
0.054054
0.053544
0.053034
0.052524
0.052014
0.051504
0.050994
0.050484
0.049974
0.049465
0.048955
0.048445
0.047935
0.047684
0.047439
0.047194
0.046950
0.046705
0.046460
0.046215
0.045970
0.045725
0.045480
0.045235
0.044990
0.044745
0.044501
0.044256
0.044011
0.043766
0.043521
0.043276
0.043031
0.042786
0.042541
0.042296
0.042051
0.041807
0.041562
0.041317
0.041072
0.040827
0.040582
0.040337
0.040092
0.039847
0.039602
0.039358
0.039113
0.038868
0.038623
0.038378
0.038133
0.037888
0.037643
0.037398
0.037153
0.036909
0.036664
0.036419
0.036174
0.035929
0.035684
0.035439
0.035194
0.034949
0.034704
0.034460
0.034215
0.033970
0.033725
0.033480
0.033235
0.032990
0.032745
0.032500
0.032255
0.032010
0.031766
0.031521
0.031276
0.031031
0.030786
0.030541
0.030296
0.030051
0.029806
0.029561
0.029317
0.029072
0.028827
0.028582
0.028337
0.028300
0.028267
0.028235
0.028202
0.028170
0.028137
0.028105
0.028072
0.028039
0.028007
0.027974
0.027942
0.027909
0.027877
0.027844
0.027812
0.027779
0.027747
0.027714
0.027681
0.027649
0.027616
0.027584
0.027551
0.027519
0.027486
0.027454
0.027421
0.027389
0.027356
0.027324
0.027291
0.027258
0.027226
0.027193
0.027161
0.027128
0.027096
0.027063
0.027031
0.026998
0.026966
0.026933
0.026900
0.026868
0.026835
0.026803
0.026770
0.026738
0.026705
0.026673
0.026640
0.026608
0.026575
0.026542
0.026510
0.026477
0.026445
0.026412
0.026380
0.026347
0.026315
0.026282
0.026250
0.026217
0.026184
0.026152
0.026119
0.026087
0.026054
0.026022
0.025989
0.025957
0.025924
0.025892
0.025859
0.025827
0.025794
0.025761
0.025729
0.025778
0.025828
0.025879
0.025929
0.025980
0.026031
0.026081
0.026132
0.026183
0.026233
0.026284
0.026334
0.026385
0.026436
0.026486
0.026537
0.026587
0.026638
0.026689
0.026739
0.026790
0.026840
0.026891
0.026942
0.026992
0.027043
0.027093
0.027144
0.027195
0.027245
0.027296
0.027346
0.027397
0.027448
0.027498
0.027549
0.027599
0.027650
0.027701
0.027751
0.027802
0.027852
0.027903
0.027954
0.028004
0.028055
0.028105
0.028156
0.028207
0.028257
0.028308
0.028358
0.028409
0.028460
0.028510
0.028561
0.028611
0.028662
0.028713
0.028763
0.028814
0.028864
0.028915
0.028966
0.029016
0.029067
0.029117
0.029168
0.029219
0.029269
0.029320
0.029370
0.029421
0.029472
0.029522
0.029573
0.029623
0.029674
0.029725
0.029775
0.029903
0.030032
0.030161
0.030291
0.030420
0.030549
0.030679
0.030808
0.030937
0.031066
0.031196
0.031325
0.031454
0.031584
0.031713
0.031842
0.031971
0.032101
0.032230
0.032359
0.032489
0.032618
0.032747
0.032876
0.033006
0.033135
0.033264
0.033393
0.033523
0.033652
0.033781
0.033911
0.034040
0.034169
0.034298
0.034428
0.034557
0.034686
0.034816
0.034945
0.035074
0.035203
0.035333
0.035462
0.035591
0.035721
0.035850
0.035979
0.036108
0.036238
0.036367
0.036496
0.036626
0.036755
0.036884
0.037013
0.037143
0.037272
0.037401
0.037530
0.037660
0.037789
0.037918
0.038048
0.038177
0.038306
0.038435
0.038565
0.038694
0.038823
0.038953
0.039082
0.039211
0.039340
0.039470
0.039599
0.039728
0.039858
0.039987
0.040116
0.040199
0.040282
0.040364
0.040446
0.040528
0.040610
0.040693
0.040775
0.040857
0.040939
0.041021
0.041103
0.041186
0.041268
0.041350
0.041432
0.041514
0.041597
0.041679
0.041761
0.041843
0.041925
0.042008
0.042090
0.042172
0.042254
0.042336
0.042419
0.042501
0.042583
0.042665
0.042747
0.042830
0.042912
0.042994
0.043076
0.043158
0.043241
0.043323
0.043405
0.043487
0.043569
0.043652
0.043734
0.043816
0.043898
0.043980
0.044063
0.044145
0.044227
0.044309
0.044391
0.044474
0.044556
0.044638
0.044720
0.044802
0.044884
0.044967
0.045049
0.045131
0.045213
0.045295
0.045378
0.045460
0.045542
0.045624
0.045706
0.045789
0.045871
0.045953
0.046035
0.046117
0.046200
0.046282
0.046364
0.046446
0.046528
0.046611
0.046693
0.046736
0.046778
0.046821
0.046863
0.046906
0.046948
0.046990
0.047033
0.047075
0.047117
0.047160
0.047202
0.047245
0.047287
0.047329
0.047372
0.047414
0.047456
0.047499
0.047541
0.047584
0.047626
0.047668
0.047711
0.047753
0.047795
0.047838
0.047880
0.047922
0.047965
0.048007
0.048050
0.048092
0.048134
0.048177
0.048219
0.048261
0.048304
0.048346
0.048389
0.048431
0.048473
0.048516
0.048558
0.048600
0.048643
0.048685
0.048728
0.048770
0.048812
0.048855
0.048897
0.048939
0.048982
0.049024
0.049067
0.049109
0.049151
0.049194
0.049236
0.049278
0.049321
0.049363
0.049406
0.049448
0.049490
0.049533
0.049575
0.049617
0.049660
0.049702
0.049745
0.049787
0.049829
0.049872
0.049914
0.049956
0.050055
0.050312
0.050569
0.050825
0.051082
0.051339
0.051595
0.051852
0.052109
0.052365
0.052622
0.052879
0.053135
0.053392
0.053649
0.053905
0.054162
0.054418
0.054675
0.054932
0.055188
0.055445
0.055702
0.055958
0.056215
0.056472
0.056728
0.056985
0.057242
0.057498
0.057755
0.058012
0.058268
0.058525
0.058782
0.059038
0.059295
0.059552
0.059808
0.060065
0.060322
0.060578
0.060835
0.061092
0.061348
0.061605
0.061862
0.062118
0.062375
0.062632
0.062888
0.063145
0.063402
0.063658
0.063915
0.064172
0.064428
0.064685
0.064942
0.065198
0.065455
0.065712
0.065968
0.066225
0.066575
0.066974
0.067374
0.067773
0.068172
0.068571
0.068971
0.069370
0.069769
0.070168
0.070567
0.070967
0.071366
0.071765
0.072164
0.072564
0.072963
0.073362
0.073761
0.074160
0.074560
0.074959
0.075358
0.075757
0.076157
0.076556
0.076955
0.077354
0.077753
0.078153
0.078552
0.078951
0.079350
0.079750
0.080149
0.080548
0.080947
0.081346
0.081746
0.082145
0.082544
0.082943
0.083343
0.083742
0.084141
0.084540
0.084939
0.085339
0.085738
0.086137
0.086489
0.086810
0.087132
0.087454
0.087775
0.088097
0.088418
0.088740
0.089061
0.089383
0.089704
0.090026
0.090348
0.090669
0.090991
0.091312
0.091634
0.091955
0.092277
0.092598
0.092920
0.093241
0.093563
0.093885
0.094206
0.094528
0.094849
0.095171
0.095492
0.095814
0.096135
0.096457
0.096779
0.097100
0.097422
0.097743
0.098065
0.098386
0.098708
0.099029
0.099662
0.100453
0.101243
0.102033
0.102824
0.103614
0.104404
0.105194
0.105985
0.106775
0.107565
0.108355
0.109146
0.109936
0.110726
0.111517
0.112307
0.113097
0.113887
0.114678
0.115468
0.116258
0.117049
0.117839
0.118629
0.119419
0.120210
0.121000
0.121790
0.122581
0.123371
0.124161
0.125505
0.126879
0.128253
0.129628
0.131002
0.132376
0.133750
0.135124
0.136498
0.137872
0.139246
0.140620
0.141994
0.143369
0.144743
0.146117
0.147491
0.148865
0.150239
0.151613
0.152987
0.154361
0.155735
0.157110
0.158484
0.159854
0.161166
0.162478
0.163790
0.165102
0.166413
0.167725
0.169037
0.170349
0.171661
0.172973
0.174284
0.175596
0.176908
0.178220
0.179532
0.180844
0.182155
0.183467
0.184779
0.186091
0.187403
0.189515
0.191750
0.193985
0.196221
0.198456
0.200692
0.202927
0.205162
0.207398
0.209633
0.211869
0.214104
0.216339
0.218575
0.220810
0.223045
0.225281
0.227516
0.229693
0.231870
0.234047
0.236224
0.238401
0.240579
0.242756
0.244933
0.247110
0.249287
0.251464
0.253641
0.255818
0.257995
0.260172
0.263542
0.268868
0.274194
0.279519
0.284845
0.290171
0.295496
0.300822
0.306148
0.311473
0.316799
0.322125
0.327450
0.332776
0.335733
0.335860
0.335988
0.336116
0.336244
0.336372
0.336500
0.336628
0.336755
0.336883
0.337011
0.337139
0.337267
0.339901
0.342866
0.345832
0.348797
0.351762
0.354727
0.357692
0.360657
0.363623
0.366588
0.369553
0.372697
0.375987
0.379277
0.382566
0.385856
0.389146
0.392436
0.395726
0.399016
0.402306
0.405187
0.405715
0.406242
0.406770
0.407298
0.407826
0.408354
0.408881
0.409409
0.409937
0.412162
0.415738
0.419315
0.422891
0.426468
0.430044
0.433621
0.437197
0.440774
0.444960
0.449458
0.453957
0.458456
0.462954
0.467453
0.471951
0.476450
0.481436
0.487155
0.492874
0.498593
0.504312
0.510031
0.515750
0.521469
0.526362
0.530670
0.534978
0.539287
0.543595
0.547903
0.552211
0.554291
0.547380
0.540468
0.533557
0.526645
0.519733
0.512822
0.505959
0.499305
0.492652
0.485998
0.479344
0.472690
0.466037
0.467670
0.475933
0.484197
0.492460
0.500724
0.508987
0.517619
0.527403
0.537187
0.546971
0.556755
0.566539
0.574109
0.573320
0.572530
0.571741
0.570951
0.570161
0.565552
0.556913
0.548274
0.539635
0.530996
0.522357
0.527674
0.534164
0.540654
0.547143
0.553633
0.559655
0.565289
0.570922
0.576556
0.582189
0.584276
0.579973
0.575670
0.571366
0.567063
0.566545
0.573367
0.580188
0.587010
0.593831
0.597192
0.596580
0.595969
0.595358
0.594746
0.590958
0.585804
0.580651
0.575497
0.571909
0.604882
0.637855
0.670828
0.703801
0.711069
0.693793
0.676518
0.659242
0.641967
0.653084
0.664298
0.675512
0.686726
0.687568
0.679950
0.672331
0.664712
0.661766
0.676700
0.691634
0.706568
0.721502
0.728052
0.733968
0.739884
0.745800
0.756136
0.769135
0.782135
0.795134
0.801890
0.796049
0.790208
0.784367
0.778442
0.771613
0.764783
0.757953
0.751124
0.756785
0.766187
0.775589
0.784990
0.783521
0.771104
0.758687
0.746269
0.734581
0.728934
0.723286
0.717638
0.711991
0.710953
0.712018
0.713083
0.714148
0.719425
0.737797
0.756170
0.774542
0.792915
0.817552
0.844547
0.871542
0.898537
0.914110
0.892182
0.870253
0.848324
0.826396
0.810271
0.796666
0.783060
0.769454
0.757175
0.765396
0.773618
0.781840
0.790062
0.796825
0.801427
0.806028
0.810630
0.815231
0.814488
0.811346
0.808203
0.805061
0.801919
0.791204
0.780160
0.769117
0.758073
0.742703
0.713770
0.684837
0.655904
0.626971
0.604615
0.588882
0.573150
0.557418
0.541685
0.529913
0.519248
0.508582
0.497917
0.487803
0.484304
0.480805
0.477306
0.473807
0.470844
0.468558
0.466272
0.463986
0.461700
0.465523
0.470240
0.474957
0.479674
0.478860
0.468106
0.457351
0.446596
0.435842
0.434909
0.435324
0.435739
0.436154
0.437082
0.438709
0.440337
0.441964
0.443592
0.442293
0.440982
0.439671
0.438360
0.441333
0.446682
0.452031
0.457380
0.458678
0.452835
0.446993
0.441150
0.435495
0.432516
0.429537
0.426558
0.423579
0.423597
0.424427
0.425257
0.426087
0.429012
0.434360
0.439708
0.445056
0.451744
0.463727
0.475710
0.487693
0.499675
0.500312
0.499449
0.498586
0.497723
0.492281
0.482481
0.472682
0.462882
0.453270
0.453717
0.454163
0.454610
0.455057
0.449554
0.437946
0.426338
0.414730
0.403122
0.391094
0.379057
0.367019
0.354982
0.351354
0.362777
0.374201
0.385624
0.397048
0.402328
0.404246
0.406165
0.408084
0.410003
0.404414
0.397587
0.390760
0.383934
0.377107
0.387874
0.400851
0.413828
0.426806
0.439783
0.447881
0.454244
0.460607
0.466969
0.473332
0.470186
0.454800
0.439413
0.424026
0.408639
0.393253
0.386269
0.380148
0.374027
0.367906
0.361785
0.361476
0.379095
0.396714
0.414333
0.431952
0.449570
0.459328
0.454784
0.450241
0.445698
0.441155
0.436612
0.434322
0.435707
0.437092
0.438478
0.438783
0.437379
0.435974
0.434569
0.434485
0.438614
0.442744
0.446873
0.451003
0.453679
0.456330
0.458981
0.461631
0.463471
0.464915
0.466359
0.467803
0.466737
0.457290
0.447843
0.438395
0.428948
0.428682
0.434855
0.441027
0.447199
0.453372
0.458814
0.464168
0.469523
0.474878
0.480221
0.485334
0.490447
0.495560
0.500673
0.505585
0.507317
0.509049
0.510781
0.512513
0.513376
0.508095
0.502815
0.497535
0.492254
0.486974
0.489101
0.493346
0.497592
0.501837
0.506083
0.509080
0.507150
0.505220
0.503289
0.501359
0.499428
0.499360
0.501055
0.502751
0.504446
0.506142
0.507837
0.508698
0.508891
0.509085
0.509278
0.509471
0.509664
0.511878
0.518707
0.525536
0.532365
0.539195
0.546024
0.552853
0.550702
0.545814
0.540926
0.536038
0.531150
0.526262
0.522029
0.525904
0.529778
0.533652
0.537526
0.541401
0.545275
0.548670
0.549371
0.550072
0.550773
0.551473
0.552174
0.552875
0.553576
0.548588
0.541276
0.533963
0.526651
0.519339
0.512026
0.504714
0.497516
0.498038
0.498559
0.499081
0.499602
0.500124
0.500645
0.501167
0.501688
0.504118
0.506594
0.509070
0.511546
0.514022
0.516498
0.518974
0.521450
0.521818
0.521745
0.521672
0.521600
0.521527
0.521454
0.521381
0.521309
0.521179
0.519649
0.518118
0.516587
0.515057
0.513526
0.511995
0.510465
0.508934
0.507609
0.507900
0.508190
0.508480
0.508770
0.509060
0.509350
0.509640
0.509931
0.510221
0.512396
0.522910
0.533424
0.543939
0.554453
0.564968
0.575482
0.585997
0.596511
0.607025
0.617540
0.620111
0.622634
0.625157
0.627680
0.630203
0.632726
0.635249
0.637772
0.640295
0.642818
0.644380
0.644158
0.643935
0.643713
0.643491
0.643269
0.643047
0.642825
0.642602
0.642380
0.642158
0.643261
0.653151
0.663041
0.672931
0.682821
0.692711
0.702601
0.712491
0.722381
0.732271
0.742161
0.752051
0.761126
0.759567
0.758008
0.756450
0.754891
0.753332
0.751773
0.750214
0.748655
0.747096
0.745537
0.743978
0.742419
0.742095
0.744494
0.746892
0.749291
0.751689
0.754088
0.756486
0.758885
0.761283
0.763682
0.766080
0.768479
0.770877
0.773276
0.773045
0.772084
0.771123
0.770162
0.769201
0.768240
0.767279
0.766318
0.765357
0.764396
0.763435
0.762473
0.761512
0.760551
0.758230
0.754253
0.750275
0.746297
0.742320
0.738342
0.734364
0.730387
0.726409
0.722431
0.718453
0.714476
0.710498
0.706520
0.703703
0.702797
0.701890
0.700984
0.700078
0.699171
0.698265
0.697359
0.696452
0.695546
0.694640
0.693733
0.692827
0.691921
0.694333
0.698233
0.702133
0.706033
0.709933
0.713833
0.717734
0.721634
0.725534
0.729434
0.733334
0.737234
0.741134
0.744194
0.745116
0.746037
0.746959
0.747881
0.748803
0.749724
0.750646
0.751568
0.752489
0.753411
0.754333
0.755254
0.756176
0.750877
0.744617
0.738356
0.732095
0.725835
0.719574
0.713314
0.707053
0.700792
0.694532
0.688271
0.682011
0.675750
0.674957
0.678157
0.681357
0.684557
0.687757
0.690957
0.694157
0.697357
0.700557
0.703757
0.706957
0.710157
0.713357
0.708813
0.699948
0.691083
0.682218
0.673353
0.664488
0.655624
0.646759
0.637894
0.629029
0.620164
0.611299
0.602434
0.601071
0.601738
0.602406
0.603073
0.603740
0.604407
0.605074
0.605742
0.606409
0.607076
0.607743
0.608411
0.609078
0.607280
0.605132
0.602985
0.600837
0.598690
0.596542
0.594395
0.592248
0.590100
0.587953
0.585805
0.583658
0.581510
0.584380
0.587765
0.591151
0.594536
0.597922
0.601307
0.604693
0.608078
0.611464
0.614849
0.618235
0.621620
0.625006
0.620764
0.616073
0.611383
0.606692
0.602001
0.597311
0.592620
0.587930
0.583239
0.578548
0.573858
0.569167
0.564476
0.560477
0.557079
0.553680
0.550281
0.546883
0.543484
0.540085
0.536686
0.533288
0.529889
0.526490
0.523092
0.519693
0.516294
0.515115
0.514406
0.513697
0.512987
0.512278
0.511569
0.510860
0.510150
0.509441
0.508732
0.508022
0.507313
0.506604
0.505895
0.504240
0.502423
0.500607
0.498791
0.496975
0.495158
0.493342
0.491526
0.489709
0.487893
0.486077
0.484260
0.482444
0.480628
0.478611
0.476292
0.473972
0.471653
0.469334
0.467015
0.464696
0.462377
0.460058
0.457738
0.455419
0.453100
0.450781
0.448462
0.446143
0.444008
0.442546
0.441083
0.439620
0.438157
0.436694
0.435231
0.433769
0.432306
0.430843
0.429380
0.427917
0.426455
0.424992
0.423529
0.422066
0.420579
0.419046
0.417512
0.415978
0.414445
0.412911
0.411377
0.409844
0.408310
0.406776
0.405243
0.403709
0.402175
0.400641
0.399108
0.397574
0.396190
0.395109
0.394028
0.392947
0.391866
0.390786
0.389705
0.388624
0.387543
0.386462
0.385381
0.384300
0.383220
0.382139
0.381058
0.379821
0.377501
0.375182
0.372862
0.370542
0.368223
0.365903
0.363583
0.361264
0.358944
0.356624
0.354305
0.351985
0.349665
0.347346
0.344444
0.340980
0.337516
0.334052
0.330587
0.327123
0.323659
0.320195
0.316731
0.313267
0.309803
0.306339
0.302875
0.299411
0.296154
0.293346
0.290538
0.287730
0.284922
0.282114
0.279306
0.276498
0.273690
0.270882
0.268074
0.265266
0.262458
0.259650
0.257835
0.257069
0.256302
0.255536
0.254770
0.254004
0.253238
0.252472
0.251705
0.250939
0.250173
0.249407
0.248641
0.247872
0.245842
0.243813
0.241783
0.239753
0.237724
0.235694
0.233664
0.231634
0.229605
0.227575
0.225545
0.223516
0.221486
0.222761
0.224781
0.226801
0.228822
0.230842
0.232862
0.234882
0.236903
0.238923
0.240943
0.242963
0.244983
0.247004
0.246625
0.244318
0.242012
0.239706
0.237399
0.235093
0.232787
0.230480
0.228174
0.225868
0.223561
0.221255
0.218949
0.217289
0.216340
0.215392
0.214443
0.213494
0.212546
0.211597
0.210648
0.209700
0.208751
0.207802
0.206854
0.205905
0.204313
0.201414
0.198515
0.195615
0.192716
0.189816
0.186917
0.184017
0.181118
0.178218
0.175319
0.172420
0.169520
0.167091
0.168620
0.170150
0.171679
0.173209
0.174738
0.176268
0.177797
0.179327
0.180856
0.182386
0.183915
0.185445
0.186974
0.186951
0.185910
0.184869
0.183827
0.182786
0.181745
0.180703
0.179662
0.178621
0.177580
0.176538
0.175497
0.174456
0.173414
0.172126
0.170815
0.169503
0.168191
0.166880
0.165568
0.164257
0.162945
0.161633
0.160322
0.159010
0.157699
0.156387
0.155075
0.153926
0.152782
0.151637
0.150492
0.149347
0.148202
0.147057
0.145912
0.144767
0.143623
0.142478
0.141333
0.140188
0.139043
0.138281
0.137963
0.137646
0.137328
0.137011
0.136693
0.136376
0.136059
0.135741
0.135424
0.135106
0.134789
0.134472
0.134154
0.133837
0.132892
0.131208
0.129524
0.127839
0.126155
0.124471
0.122787
0.121102
0.119418
0.117734
0.116050
0.114365
0.112681
0.110997
0.109313
0.107628
0.106698
0.106464
0.106231
0.105997
0.105764
0.105530
0.105297
0.105064
0.104830
0.104597
0.104363
0.104130
0.103896
0.103663
0.103429
0.103196
0.102962
0.103190
0.103441
0.103692
0.103943
0.104195
0.104446
0.104697
0.104948
0.105200
0.105451
0.105702
0.105954
0.106205
0.106456
0.106707
0.106881
0.106191
0.105501
0.104811
0.104121
0.103431
0.102741
0.102051
0.101361
0.100671
0.099981
0.099291
0.098601
0.097911
0.097221
0.096531
0.096555
0.096804
0.097053
0.097301
0.097550
0.097798
0.098047
0.098296
0.098544
0.098793
0.099042
0.099290
0.099539
0.099788
0.100036
0.099118
0.097969
0.096820
0.095670
0.094521
0.093372
0.092222
0.091073
0.089924
0.088774
0.087625
0.086475
0.085326
0.084177
0.083122
0.082726
0.082331
0.081935
0.081539
0.081143
0.080747
0.080352
0.079956
0.079560
0.079164
0.078769
0.078373
0.077977
0.077581
0.076713
0.075493
0.074274
0.073054
0.071834
0.070614
0.069395
0.068175
0.066955
0.065735
0.064516
0.063296
0.062076
0.060856
0.059736
0.060573
0.061409
0.062246
0.063082
0.063919
0.064755
0.065592
0.066428
0.067265
0.068101
0.068938
0.069774
0.070611
0.071447
0.071461
0.070424
0.069388
0.068352
0.067316
0.066279
0.065243
0.064207
0.063171
0.062135
0.061098
0.060062
0.059026
0.057990
0.056953
0.056453
0.056267
0.056082
0.055897
0.055712
0.055527
0.055341
0.055156
0.054971
0.054786
0.054601
0.054416
0.054230
0.054045
0.053860
0.053767
0.053762
0.053756
0.053751
0.053746
0.053741
0.053735
0.053730
0.053725
0.053720
0.053715
0.053709
0.053704
0.053699
0.053694
0.053689
0.054399
0.055190
0.055981
0.056773
0.057564
0.058355
0.059146
0.059937
0.060728
0.061520
0.062311
0.063102
0.063893
0.064684
0.065475
0.066266
0.066834
0.067264
0.067694
0.068125
0.068555
0.068985
0.069415
0.069845
0.070275
0.070705
0.071135
0.071565
0.071995
0.072425
0.072855
0.073285
0.073715
0.074058
0.074283
0.074509
0.074734
0.074959
0.075184
0.075409
0.075634
0.075860
0.076085
0.076310
0.076535
0.076760
0.076985
0.077210
0.077436
0.077661
0.077886
0.078018
0.077659
0.077300
0.076941
0.076582
0.076222
0.075863
0.075504
0.075145
0.074786
0.074427
0.074068
0.073709
0.073350
0.072991
0.072632
0.072273
0.071914
0.072503
0.073584
0.074665
0.075745
0.076826
0.077907
0.078988
0.080068
0.081149
0.082230
0.083310
0.084391
0.085472
0.086553
0.087633
0.088714
0.089546
0.089023
0.088499
0.087976
0.087452
0.086929
0.086405
0.085882
0.085358
0.084834
0.084311
0.083787
0.083264
0.082740
0.082217
0.081693
0.081611
0.082286
0.082961
0.083636
0.084310
0.084985
0.085660
0.086335
0.087009
0.087684
0.088359
0.089034
0.089709
0.090383
0.091058
0.091557
0.090508
0.089458
0.088408
0.087358
0.086308
0.085258
0.084208
0.083159
0.082109
0.081059
0.080009
0.078959
0.077909
0.076859
0.076447
0.078616
0.080784
0.082953
0.085121
0.087290
0.089458
0.091627
0.093795
0.095964
0.098132
0.100300
0.102469
0.104637
0.106806
0.108052
0.108420
0.108787
0.109155
0.109522
0.109890
0.110258
0.110625
0.110993
0.111360
0.111728
0.112095
0.112463
0.112830
0.113198
0.112292
0.111291
0.110289
0.109287
0.108286
0.107284
0.106282
0.105281
0.104279
0.103277
0.102276
0.101274
0.100272
0.099271
0.097873
0.095628
0.093384
0.091139
0.088895
0.086650
0.084406
0.082161
0.079917
0.077673
0.075428
0.073184
0.070939
0.068695
0.066450
0.065839
0.066221
0.066603
0.066985
0.067367
0.067749
0.068131
0.068513
0.068895
0.069277
0.069659
0.070041
0.070423
0.070805
0.071187
0.071004
0.070586
0.070167
0.069749
0.069330
0.068912
0.068493
0.068074
0.067656
0.067237
0.066819
0.066400
0.065981
0.065563
0.065144
0.065176
0.065835
0.066493
0.067152
0.067811
0.068470
0.069129
0.069787
0.070446
0.071105
0.071764
0.072423
0.073081
0.073740
0.074399
0.075058
0.074479
0.073033
0.071588
0.070142
0.068696
0.067250
0.065804
0.064358
0.062913
0.061467
0.060021
0.058575
0.057129
0.055684
0.054238
0.052792
0.051346
0.051340
0.051357
0.051375
0.051392
0.051410
0.051428
0.051445
0.051463
0.051480
0.051498
0.051516
0.051533
0.051551
0.051568
0.051586
0.051604
0.051621
0.051634
