0.668379
0.668379
0.668379
0.668379
0.668379
0.668379
0.668379
0.668379
0.668379
0.668379
0.668379
0.668379
0.668379
0.668379
0.668379
0.668379
0.668379
0.668379
0.668379
0.668379
0.668379
0.668379
0.668379
0.668379
0.668379
0.668379
0.668379
0.668379
0.668379
0.668379
0.668379
0.668379
0.668379
0.668379
0.668379
0.668379
0.668379
0.668379
0.668379
0.668379
0.668379
0.668379
0.668379
0.668379
0.668379
0.668379
0.668379
0.668379
0.668379
0.668379
0.668379
0.668379
0.668379
0.668379
0.668379
0.668379
0.668379
0.668379
0.668379
0.668379
0.668379
0.668379
0.668379
0.668379
0.668379
0.668379
0.668379
0.668379
0.668379
0.661911
0.655300
0.648689
0.642078
0.635467
0.628856
0.622245
0.615634
0.609023
0.602412
0.595801
0.589190
0.582580
0.575969
0.569358
0.562747
0.556136
0.549525
0.542914
0.536303
0.529692
0.523081
0.516470
0.509859
0.503248
0.496637
0.490026
0.483415
0.476804
0.470193
0.463582
0.456971
0.450360
0.443749
0.437138
0.430527
0.423917
0.417306
0.410695
0.404084
0.397473
0.390862
0.384251
0.377640
0.371029
0.364418
0.357807
0.351196
0.344585
0.337974
0.331363
0.324752
0.318141
0.311530
0.304919
0.298308
0.291697
0.285086
0.278475
0.271864
0.265254
0.258643
0.252032
0.245421
0.238810
0.232199
0.225588
0.218977
0.212366
0.205755
0.199144
0.192533
0.185922
0.179311
0.172700
0.166089
0.159478
0.152867
0.146256
0.139645
0.138761
0.138004
0.137246
0.136489
0.135731
0.134974
0.134216
0.133459
0.132701
0.131944
0.131186
0.130429
0.129671
0.128913
0.128156
0.127398
0.126641
0.125883
0.125126
0.124368
0.123611
0.122853
0.122096
0.121338
0.120581
0.119823
0.119066
0.118308
0.117550
0.116793
0.116035
0.115278
0.114520
0.113763
0.113005
0.112248
0.111490
0.110733
0.109975
0.109218
0.108460
0.107703
0.106945
0.106187
0.105430
0.104672
0.103915
0.103157
0.102400
0.101642
0.100885
0.100127
0.099370
0.098612
0.097855
0.097097
0.096339
0.095582
0.094824
0.094067
0.093309
0.092552
0.091794
0.091037
0.090279
0.089522
0.088764
0.088007
0.087249
0.086492
0.085734
0.084976
0.084219
0.083461
0.082704
0.081946
0.081189
0.080431
0.079674
0.078916
0.078459
0.078008
0.077558
0.077107
0.076657
0.076206
0.075756
0.075305
0.074855
0.074404
0.073954
0.073503
0.073053
0.072602
0.072152
0.071701
0.071251
0.070800
0.070349
0.069899
0.069448
0.068998
0.068547
0.068097
0.067646
0.067196
0.066745
0.066295
0.065844
0.065394
0.064943
0.064493
0.064042
0.063592
0.063141
0.062690
0.062240
0.061789
0.061339
0.060888
0.060438
0.059987
0.059537
0.059086
0.058636
0.058185
0.057735
0.057284
0.056834
0.056383
0.055933
0.055482
0.055031
0.054581
0.054130
0.053680
0.053229
0.052779
0.052328
0.051878
0.051427
0.050977
0.050526
0.050076
0.049625
0.049175
0.048724
0.048273
0.047823
0.047372
0.046922
0.046471
0.046021
0.045570
0.045120
0.044669
0.044219
0.043768
0.043318
0.042867
0.042688
0.042514
0.042341
0.042168
0.041994
0.041821
0.041647
0.041474
0.041301
0.041127
0.040954
0.040780
0.040607
0.040434
0.040260
0.040087
0.039914
0.039740
0.039567
0.039393
0.039220
0.039047
0.038873
0.038700
0.038526
0.038353
0.038180
0.038006
0.037833
0.037659
0.037486
0.037313
0.037139
0.036966
0.036793
0.036619
0.036446
0.036272
0.036099
0.035926
0.035752
0.035579
0.035405
0.035232
0.035059
0.034885
0.034712
0.034539
0.034365
0.034192
0.034018
0.033845
0.033672
0.033498
0.033325
0.033151
0.032978
0.032805
0.032631
0.032458
0.032284
0.032111
0.031938
0.031764
0.031591
0.031418
0.031244
0.031071
0.030897
0.030724
0.030551
0.030377
0.030204
0.030030
0.029857
0.029684
0.029510
0.029337
0.029163
0.028990
0.029009
0.029033
0.029056
0.029079
0.029103
0.029126
0.029149
0.029173
0.029196
0.029219
0.029243
0.029266
0.029289
0.029313
0.029336
0.029360
0.029383
0.029406
0.029430
0.029453
0.029476
0.029500
0.029523
0.029546
0.029570
0.029593
0.029616
0.029640
0.029663
0.029687
0.029710
0.029733
0.029757
0.029780
0.029803
0.029827
0.029850
0.029873
0.029897
0.029920
0.029943
0.029967
0.029990
0.030014
0.030037
0.030060
0.030084
0.030107
0.030130
0.030154
0.030177
0.030200
0.030224
0.030247
0.030270
0.030294
0.030317
0.030340
0.030364
0.030387
0.030411
0.030434
0.030457
0.030481
0.030504
0.030527
0.030551
0.030574
0.030597
0.030621
0.030644
0.030667
0.030691
0.030714
0.030738
0.030761
0.030784
0.030808
0.030831
0.030854
0.030889
0.030923
0.030958
0.030992
0.031027
0.031061
0.031096
0.031130
0.031165
0.031200
0.031234
0.031269
0.031303
0.031338
0.031372
0.031407
0.031441
0.031476
0.031511
0.031545
0.031580
0.031614
0.031649
0.031683
0.031718
0.031752
0.031787
0.031821
0.031856
0.031891
0.031925
0.031960
0.031994
0.032029
0.032063
0.032098
0.032132
0.032167
0.032202
0.032236
0.032271
0.032305
0.032340
0.032374
0.032409
0.032443
0.032478
0.032512
0.032547
0.032582
0.032616
0.032651
0.032685
0.032720
0.032754
0.032789
0.032823
0.032858
0.032892
0.032927
0.032962
0.032996
0.033031
0.033065
0.033100
0.033134
0.033169
0.033203
0.033238
0.033273
0.033307
0.033342
0.033376
0.033411
0.033445
0.033480
0.033514
0.033549
0.033583
0.033618
0.033648
0.033678
0.033708
0.033738
0.033768
0.033798
0.033827
0.033857
0.033887
0.033917
0.033947
0.033977
0.034007
0.034037
0.034067
0.034097
0.034127
0.034156
0.034186
0.034216
0.034246
0.034276
0.034306
0.034336
0.034366
0.034396
0.034426
0.034456
0.034485
0.034515
0.034545
0.034575
0.034605
0.034635
0.034665
0.034695
0.034725
0.034755
0.034785
0.034814
0.034844
0.034874
0.034904
0.034934
0.034964
0.034994
0.035024
0.035054
0.035084
0.035114
0.035143
0.035173
0.035203
0.035233
0.035263
0.035293
0.035323
0.035353
0.035383
0.035413
0.035442
0.035472
0.035502
0.035532
0.035562
0.035592
0.035622
0.035652
0.035682
0.035712
0.035742
0.035771
0.035801
0.035831
0.035861
0.035891
0.035921
0.035951
0.035981
0.036011
0.036224
0.036441
0.036658
0.036875
0.037092
0.037308
0.037525
0.037742
0.037959
0.038176
0.038393
0.038610
0.038827
0.039044
0.039261
0.039478
0.039695
0.039912
0.040129
0.040346
0.040563
0.040780
0.040997
0.041214
0.041431
0.041648
0.041865
0.042082
0.042299
0.042515
0.042732
0.042949
0.043166
0.043383
0.043600
0.043817
0.044034
0.044251
0.044468
0.044685
0.044902
0.045119
0.045336
0.045553
0.045770
0.045987
0.046204
0.046421
0.046638
0.046855
0.047072
0.047289
0.047506
0.047722
0.047939
0.048156
0.048373
0.048590
0.048807
0.049024
0.049241
0.049458
0.049675
0.049892
0.050109
0.050326
0.050543
0.050760
0.050977
0.051194
0.051411
0.051628
0.051845
0.052062
0.052279
0.052496
0.052713
0.052929
0.053146
0.053363
0.053548
0.053732
0.053916
0.054099
0.054283
0.054467
0.054651
0.054835
0.055019
0.055202
0.055386
0.055570
0.055754
0.055938
0.056122
0.056305
0.056489
0.056673
0.056857
0.057041
0.057224
0.057408
0.057592
0.057776
0.057960
0.058144
0.058327
0.058511
0.058695
0.058879
0.059063
0.059247
0.059430
0.059614
0.059798
0.059982
0.060166
0.060350
0.060533
0.060717
0.060901
0.061085
0.061269
0.061453
0.061636
0.061820
0.062004
0.062188
0.062372
0.062555
0.062739
0.062923
0.063107
0.063291
0.063475
0.063658
0.063842
0.064026
0.064210
0.064394
0.064578
0.064761
0.064945
0.065129
0.065313
0.065497
0.065681
0.065864
0.066048
0.066232
0.066416
0.066600
0.066783
0.066967
0.067151
0.067324
0.067489
0.067653
0.067818
0.067983
0.068147
0.068312
0.068477
0.068641
0.068806
0.068971
0.069135
0.069300
0.069465
0.069629
0.069794
0.069959
0.070123
0.070288
0.070453
0.070617
0.070782
0.070947
0.071111
0.071276
0.071441
0.071605
0.071770
0.071935
0.072099
0.072264
0.072429
0.072593
0.072758
0.072923
0.073087
0.073252
0.073417
0.073581
0.073746
0.073911
0.074075
0.074240
0.074405
0.074569
0.074734
0.074899
0.075064
0.075228
0.075393
0.075558
0.075722
0.075887
0.076052
0.076216
0.076381
0.076546
0.076710
0.076875
0.077096
0.077541
0.077986
0.078431
0.078876
0.079321
0.079766
0.080210
0.080655
0.081100
0.081545
0.081990
0.082435
0.082880
0.083325
0.083770
0.084215
0.084659
0.085104
0.085549
0.085994
0.086439
0.086884
0.087329
0.087774
0.088219
0.088664
0.089108
0.089553
0.089998
0.090443
0.090888
0.091333
0.091778
0.092223
0.092668
0.093113
0.093557
0.094002
0.094447
0.094892
0.095337
0.095782
0.096227
0.096672
0.097117
0.097562
0.098006
0.098349
0.098571
0.098792
0.099013
0.099235
0.099456
0.099677
0.099899
0.100120
0.100341
0.100562
0.100784
0.101005
0.101226
0.101448
0.101669
0.101890
0.102112
0.102333
0.102554
0.102776
0.102997
0.103218
0.103439
0.103661
0.103882
0.104103
0.104325
0.104546
0.104767
0.104989
0.105210
0.105431
0.105653
0.105874
0.106095
0.106317
0.106538
0.107095
0.108323
0.109551
0.110778
0.112006
0.113233
0.114461
0.115688
0.116916
0.118143
0.119371
0.120598
0.121826
0.123053
0.124281
0.125509
0.126736
0.127964
0.129191
0.130419
0.131646
0.132874
0.134101
0.135329
0.136556
0.137784
0.139011
0.140239
0.141466
0.142694
0.143922
0.144739
0.145547
0.146355
0.147163
0.147971
0.148779
0.149587
0.150395
0.151203
0.152011
0.152819
0.153627
0.154435
0.155243
0.156051
0.156859
0.157667
0.158475
0.159283
0.160091
0.160899
0.161707
0.162515
0.163323
0.164561
0.166483
0.168405
0.170327
0.172249
0.174171
0.176093
0.178015
0.179937
0.181859
0.183781
0.185703
0.187625
0.189547
0.191469
0.193392
0.195314
0.197236
0.199158
0.201080
0.202998
0.204240
0.205482
0.206724
0.207966
0.209208
0.210450
0.211692
0.212934
0.214176
0.215418
0.216660
0.219833
0.223848
0.227864
0.231879
0.235894
0.239910
0.243925
0.247941
0.251956
0.255971
0.260915
0.266686
0.272457
0.278228
0.283999
0.289770
0.295541
0.301312
0.307083
0.311543
0.312446
0.313350
0.314254
0.315158
0.316061
0.316965
0.317869
0.318773
0.319263
0.319526
0.319789
0.320051
0.320314
0.320577
0.320839
0.321102
0.323577
0.327502
0.331428
0.335354
0.339279
0.343205
0.347131
0.351827
0.362362
0.372897
0.383431
0.393966
0.404501
0.415035
0.425570
0.425766
0.425948
0.426131
0.426313
0.426496
0.426678
0.429125
0.436201
0.443277
0.450353
0.457428
0.464504
0.471523
0.464793
0.458063
0.451332
0.444602
0.437872
0.431316
0.433307
0.435299
0.437290
0.439282
0.441273
0.441952
0.439915
0.437879
0.435842
0.433806
0.431769
0.439911
0.448270
0.456629
0.464989
0.473348
0.481919
0.490533
0.499148
0.507762
0.516377
0.522154
0.527680
0.533206
0.538732
0.542131
0.536118
0.530105
0.524092
0.518078
0.522033
0.530986
0.539939
0.548892
0.552712
0.546813
0.540913
0.535013
0.530916
0.535269
0.539623
0.543976
0.547249
0.543957
0.540664
0.537372
0.535107
0.535120
0.535133
0.535147
0.536063
0.537658
0.539252
0.540846
0.536085
0.531121
0.526157
0.531940
0.549703
0.567467
0.584797
0.598206
0.611615
0.625024
0.625479
0.622933
0.620388
0.614664
0.607039
0.599414
0.601058
0.610019
0.618981
0.630284
0.643396
0.656508
0.662244
0.664104
0.665963
0.665073
0.663471
0.661848
0.657453
0.653059
0.652971
0.663526
0.674080
0.673433
0.665849
0.658265
0.648842
0.639396
0.639906
0.653970
0.668034
0.679200
0.690039
0.694858
0.691673
0.688469
0.678864
0.669259
0.655205
0.638616
0.631500
0.645839
0.660177
0.672783
0.685381
0.720913
0.766612
0.809423
0.848101
0.882332
0.890769
0.899207
0.884176
0.866424
0.887334
0.927033
0.956921
0.975827
0.991716
0.998332
1.004947
1.145973
1.287955
1.404308
1.511818
1.574554
1.585141
1.596497
1.613048
1.629599
1.723036
1.838697
1.925641
1.965166
2.004691
2.151390
2.304371
2.573256
2.986107
3.398959
3.885517
4.385035
4.988120
6.041190
7.094260
9.325469
13.047884
16.770300
24.309120
34.941918
45.574716
68.119500
102.823926
137.528352
161.816611
166.653266
171.489922
179.688716
207.530699
235.372682
263.214666
280.181889
294.557448
308.933007
345.163380
414.671090
484.178801
553.686511
706.677427
873.540749
1040.404070
1161.755233
1043.440801
925.126369
806.811937
725.595860
706.283523
686.971187
667.658850
634.490196
585.144228
535.798261
486.452294
460.552122
468.144779
475.737435
483.330092
481.987441
446.177120
410.366799
374.556478
338.746157
303.189782
267.679251
232.168720
196.658190
172.575302
170.634608
168.693914
166.753220
164.812526
162.179546
159.219480
156.259415
153.299349
150.339284
143.695136
136.546179
129.397222
122.248265
115.099308
116.076632
117.832370
119.588108
121.343847
123.099585
117.677853
109.718799
101.759744
93.800690
85.841636
79.034819
74.419094
69.803369
65.187644
60.571919
55.956193
54.886587
55.359516
55.832446
56.305375
56.778304
57.251234
58.250515
59.431176
60.611837
61.792497
62.973158
64.153818
61.603738
53.849799
46.095859
38.341919
30.587979
22.834040
15.080100
13.054350
11.396609
9.738868
8.081127
6.423386
4.765645
3.785840
3.370483
2.955125
2.539768
2.124411
1.709053
1.315443
1.120820
0.926196
0.731572
0.536949
0.342325
0.147701
0.090725
0.076864
0.063003
0.049142
0.035282
0.024740
0.025732
0.026724
0.027716
0.028708
0.030919
0.033471
0.036022
0.038636
0.045387
0.052138
0.058888
0.066291
0.074117
0.081942
0.091991
0.105019
0.118047
0.129423
0.138443
0.147463
0.156921
0.166708
0.176496
0.182126
0.187005
0.192688
0.200671
0.208654
0.226568
0.248248
0.273532
0.310497
0.347462
0.359798
0.365545
0.375265
0.393142
0.411019
0.416823
0.421383
0.432903
0.451675
0.470213
0.486456
0.502700
0.524200
0.547980
0.574833
0.609474
0.644115
0.638241
0.624900
0.641797
0.707350
0.772904
0.786798
0.796171
0.788953
0.760031
0.731108
0.789183
0.859245
0.907258
0.913404
0.919551
0.900627
0.874771
0.850396
0.833176
0.815956
0.820676
0.845475
0.870274
0.880858
0.888935
0.896013
0.898347
0.900682
0.910919
0.929135
0.947352
1.009441
1.079945
1.128835
1.081936
1.035036
0.994763
0.960682
0.926601
0.942362
0.966670
0.982268
0.959966
0.937664
0.928822
0.933188
0.937554
0.962504
0.991747
1.021763
1.055493
1.089224
1.101627
1.093121
1.084615
1.114895
1.151996
1.187859
1.218833
1.249807
1.262615
1.261274
1.259933
1.249972
1.239177
1.248568
1.308359
1.368151
1.408442
1.435938
1.463435
1.461372
1.457916
1.445363
1.409133
1.372903
1.370020
1.387295
1.404570
1.371302
1.335962
1.305302
1.287773
1.270245
1.274616
1.294815
1.315014
1.296369
1.272533
1.252923
1.254234
1.255545
1.245699
1.222771
1.199843
1.237643
1.295596
1.349328
1.303633
1.257938
1.243046
1.287786
1.332526
1.360300
1.377352
1.394405
1.388452
1.379015
1.373068
1.387689
1.402310
1.423561
1.453479
1.483397
1.491277
1.489844
1.488410
1.472499
1.456274
1.444954
1.449409
1.453865
1.452520
1.444408
1.436295
1.456254
1.487572
1.518889
1.470866
1.417493
1.370448
1.357538
1.344628
1.331454
1.317838
1.304221
1.301165
1.306487
1.311810
1.317583
1.323518
1.329452
1.313550
1.295202
1.277748
1.273609
1.269471
1.266872
1.269478
1.272084
1.263192
1.236090
1.208988
1.191194
1.182004
1.172814
1.155603
1.134370
1.113136
1.121844
1.138018
1.154193
1.147842
1.139516
1.132505
1.154397
1.176290
1.195921
1.201118
1.206315
1.208792
1.203391
1.197990
1.206032
1.240155
1.274278
1.287286
1.271726
1.256166
1.247466
1.246296
1.245125
1.252087
1.266624
1.281161
1.319746
1.379597
1.439449
1.487579
1.525589
1.563599
1.590038
1.605356
1.620674
1.632209
1.638816
1.645423
1.660070
1.689250
1.718429
1.743208
1.755274
1.767341
1.779029
1.788379
1.797729
1.807079
1.827113
1.847198
1.867282
1.880603
1.892507
1.904411
1.921745
1.942526
1.963308
1.967340
1.944146
1.920951
1.902206
1.916656
1.931105
1.945555
1.995897
2.053818
2.111738
2.144161
2.149560
2.154958
2.162720
2.192655
2.222589
2.252523
2.276190
2.296670
2.317151
2.337624
2.358066
2.378508
2.398950
2.397620
2.385832
2.374045
2.366140
2.402501
2.438862
2.475223
2.519052
2.571895
2.624737
2.677579
2.688075
2.685566
2.683058
2.677692
2.563144
2.448596
2.334048
2.262159
2.353151
2.444143
2.535135
2.608421
2.644389
2.680357
2.716325
2.729104
2.705778
2.682452
2.659127
2.672348
2.746780
2.821212
2.895643
2.972027
3.054191
3.136355
3.218518
3.297668
3.311194
3.324720
3.338246
3.351773
3.371118
3.393008
3.414898
3.436788
3.418327
3.254690
3.091054
2.927417
2.763781
2.859789
3.066994
3.274199
3.481404
3.711466
3.991842
4.272218
4.552594
4.832969
5.135333
5.438660
5.741986
6.045313
6.042410
5.882615
5.722820
5.563024
5.429481
5.334706
5.239931
5.145156
5.086456
5.165965
5.245474
5.324984
5.414869
5.759580
6.104291
6.449002
6.793713
6.460047
6.092456
5.724865
5.357274
5.631645
6.005927
6.380210
6.754493
6.406962
5.913443
5.419924
4.926406
4.938681
5.043788
5.148894
5.254001
5.105304
4.919706
4.734108
4.548511
4.416212
4.287201
4.158191
4.032627
4.072945
4.113263
4.153582
4.134857
3.739776
3.344694
2.949613
2.701469
2.858796
3.016122
3.173449
3.238648
3.169877
3.101105
3.032334
2.995279
2.980491
2.965702
2.950913
2.871232
2.774214
2.677197
2.580180
2.626735
2.674056
2.721377
2.768081
2.812571
2.857062
2.901552
2.885200
2.789502
2.693804
2.598105
2.538436
2.499238
2.460040
2.420842
2.476106
2.547033
2.617959
2.688783
2.758582
2.828380
2.898178
2.930551
2.889447
2.848343
2.807239
2.796839
2.808055
2.819272
2.830489
2.825171
2.816308
2.807445
2.799722
2.836355
2.872987
2.909619
2.941422
2.955701
2.969981
2.984260
2.987001
2.971075
2.955149
2.939222
2.950027
2.985189
3.020351
3.055512
3.093919
3.133917
3.173915
3.213913
3.188078
3.145981
3.103883
3.061786
3.090446
3.124907
3.159368
3.193403
3.187069
3.180734
3.174400
3.171718
3.218238
3.264758
3.311278
3.354380
3.368963
3.383545
3.398127
3.415151
3.459447
3.503743
3.548039
3.590593
3.558611
3.526629
3.494648
3.462666
3.476812
3.492781
3.508749
3.524717
3.519315
3.510437
3.501558
3.492679
3.488720
3.487282
3.485844
3.484406
3.495895
3.527012
3.558129
3.589246
3.617718
3.604496
3.591273
3.578051
3.564829
3.548659
3.530989
3.513318
3.495648
3.493885
3.561401
3.628918
3.696435
3.763952
3.774536
3.751571
3.728606
3.705641
3.682676
3.704249
3.726992
3.749735
3.772478
3.791509
3.795981
3.800452
3.804924
3.809395
3.811502
3.808856
3.806210
3.803564
3.800918
3.799282
3.799762
3.800241
3.800721
3.801200
3.803431
3.812985
3.822539
3.832093
3.841647
3.851202
3.871528
3.893724
3.915921
3.938117
3.960313
3.984063
4.010152
4.036241
4.062329
4.088418
4.114499
4.140431
4.166362
4.192294
4.218225
4.244157
4.266768
4.288777
4.310786
4.332796
4.354805
4.369537
4.382102
4.394668
4.407234
4.419800
4.439594
4.461006
4.482418
4.503830
4.525242
4.542446
4.559547
4.576648
4.593749
4.612312
4.635923
4.659533
4.683144
4.706755
4.727607
4.746204
4.764801
4.783398
4.801996
4.816462
4.830739
4.845016
4.859293
4.881015
4.912899
4.944782
4.976665
5.008549
5.009366
5.008253
5.007140
5.006027
5.029461
5.075264
5.121067
5.166869
5.207112
5.215199
5.223287
5.231374
5.239461
5.272517
5.311309
5.350101
5.388893
5.416958
5.435176
5.453393
5.471611
5.486345
5.491155
5.495965
5.500775
5.506164
5.532660
5.559157
5.585653
5.612149
5.648954
5.688023
5.727091
5.766159
5.781861
5.784074
5.786287
5.788500
5.799793
5.821433
5.843073
5.864714
5.889137
5.919672
5.950208
5.980743
6.010769
6.038341
6.065912
6.093484
6.120631
6.138597
6.156563
6.174529
6.192495
6.201103
6.208964
6.216826
6.224687
6.258398
6.298097
6.337797
6.377496
6.396094
6.405553
6.415013
6.424473
6.426569
6.423263
6.419957
6.416651
6.434094
6.478506
6.522918
6.567330
6.603146
6.618080
6.633015
6.647949
6.661031
6.662572
6.664113
6.665654
6.667195
6.711456
6.757154
6.802852
6.848551
6.862462
6.867055
6.871647
6.876240
6.884393
6.895426
6.906458
6.917490
6.928076
6.937688
6.947300
6.956913
6.968389
7.017989
7.067589
7.117190
7.166790
7.173805
7.165603
7.157400
7.149197
7.156238
7.188035
7.219832
7.251630
7.283427
7.283538
7.282917
7.282297
7.281677
7.280651
7.279254
7.277858
7.276462
7.275269
7.290806
7.306344
7.321881
7.337419
7.355921
7.378190
7.400458
7.422727
7.444996
7.440602
7.429493
7.418383
7.407274
7.398707
7.420593
7.442479
7.464365
7.486252
7.502956
7.504953
7.506951
7.508948
7.510946
7.521701
7.550239
7.578776
7.607314
7.635852
7.652086
7.640645
7.629205
7.617764
7.606323
7.596602
7.595675
7.594748
7.593820
7.592893
7.591966
7.596532
7.601842
7.607151
7.612460
7.617770
7.618095
7.611983
7.605871
7.599760
7.593648
7.587537
7.642203
7.705328
7.768454
7.831579
7.894705
7.924357
7.916218
7.908078
7.899939
7.891799
7.914433
8.035427
8.156421
8.277414
8.398408
8.503121
8.499629
8.496137
8.492644
8.489152
8.488809
8.504767
8.520725
8.536682
8.552640
8.579073
8.630132
8.681192
8.732251
8.783310
8.827679
8.866006
8.904334
8.942661
8.980988
9.018535
9.055951
9.093366
9.130781
9.153094
9.136455
9.119815
9.103176
9.086536
9.131603
9.196165
9.260726
9.325287
9.379033
9.407461
9.435890
9.464318
9.492747
9.545609
9.601282
9.656955
9.712628
9.741238
9.747929
9.754620
9.761311
9.775666
9.810602
9.845539
9.880475
9.914608
9.913798
9.912988
9.912178
9.911369
9.959384
10.019242
10.079099
10.138957
10.192000
10.241115
10.290230
10.339345
10.383217
10.421740
10.460263
10.498786
10.523024
10.523879
10.524734
10.525589
10.520045
10.498023
10.476002
10.453980
10.443368
10.478097
10.512826
10.547555
10.585654
10.643321
10.700989
10.758656
10.814011
10.850619
10.887227
10.923835
10.957635
10.960080
10.962525
10.964971
10.966752
10.960044
10.953336
10.946628
10.942054
10.972886
11.003719
11.034551
11.064526
11.076457
11.088387
11.100318
11.113470
11.157863
11.202256
11.246649
11.290506
11.313368
11.336229
11.359090
11.381951
11.460448
11.539237
11.618027
11.696816
11.683602
11.667352
11.651102
11.634852
11.666445
11.701568
11.736691
11.771814
11.817739
11.865149
11.912560
11.959970
12.019385
12.081782
12.144179
12.206576
12.290517
12.383372
12.476227
12.569082
12.612877
12.624938
12.636998
12.649059
12.718814
12.852346
12.985879
13.119411
13.249290
13.370467
13.491644
13.612821
13.731325
13.817494
13.903663
13.989832
14.076001
14.217830
14.372581
14.527332
14.682083
14.825783
14.958208
15.090633
15.223058
15.362205
15.550880
15.739555
15.928229
16.116904
16.336197
16.569080
16.801963
17.034846
17.247572
17.383241
17.518910
17.654580
17.790249
17.989245
18.222108
18.454971
18.687835
18.918866
19.047024
19.175182
19.303341
19.431499
19.589500
19.817588
20.045676
20.273764
20.501852
20.669376
20.773895
20.878415
20.982935
21.087455
21.250834
21.458819
21.666804
21.874789
22.082774
22.288947
22.493410
22.697874
22.902338
23.106801
23.336622
23.618107
23.899592
24.181076
24.462561
24.744046
24.932922
25.121226
25.309530
25.497833
25.686137
25.894894
26.126018
26.357142
26.588265
26.819389
27.050513
27.523545
28.010078
28.496610
28.983143
29.469676
29.909482
30.316651
30.723819
31.130987
31.538155
32.018784
32.620328
33.221873
33.823418
34.424963
34.993046
35.488441
35.983836
36.479232
36.974627
37.478271
37.996254
38.514238
39.032221
39.550204
40.107531
40.700538
41.293546
41.886554
42.479561
42.904242
43.281334
43.658426
44.035518
44.448280
45.152630
45.856980
46.561329
47.265679
47.866335
48.372650
48.878965
49.385280
49.891536
50.380202
50.868868
51.357534
51.846200
52.318545
52.776382
53.234219
53.692056
54.190258
54.981084
55.771911
56.562737
57.353563
57.849131
58.252275
58.655420
59.058564
59.547837
60.142315
60.736792
61.331270
61.901521
62.358343
62.815164
63.271986
63.728808
64.053169
64.369546
64.685923
65.002300
65.673621
66.465676
67.257731
68.049785
68.687015
69.210514
69.734013
70.257512
70.645856
70.849207
71.052558
71.255909
71.554082
72.079682
72.605282
73.130882
73.575339
73.674680
73.774022
73.873363
74.020502
74.554620
75.088738
75.622856
76.141798
76.281032
76.420267
76.559501
76.698736
76.704459
76.705393
76.706327
76.707260
76.540501
76.354249
76.167996
75.981744
76.271593
76.664582
77.057571
77.450561
77.557845
77.564657
77.571469
77.578281
77.516641
77.416287
77.315932
77.215577
77.412089
77.858576
78.305062
78.751549
78.826901
78.421908
78.016915
77.611923
77.397705
77.601006
77.804307
78.007608
78.184836
78.237194
78.289553
78.341912
78.390643
78.174644
77.958645
77.742646
77.526647
77.155566
76.753424
76.351282
75.949140
75.866007
75.974944
76.083881
76.192817
76.293830
76.382049
76.470268
76.558487
76.610050
76.360715
76.111380
75.862046
75.612711
75.403605
75.205005
75.006406
74.807806
74.761504
74.918314
75.075125
75.231935
75.380271
75.034525
74.688778
74.343031
73.997285
73.810350
73.752456
73.694562
73.636668
73.577142
73.452781
73.328419
73.204058
73.079697
73.040648
73.115079
73.189510
73.263940
73.338371
72.978560
72.484408
71.990256
71.496103
71.003232
70.841093
70.678954
70.516814
70.354675
70.211616
70.157167
70.102718
70.048269
69.993820
69.923615
69.808034
69.692453
69.576871
69.461290
69.371097
