0.668379
0.668379
0.668379
0.668379
0.668379
0.668379
0.668379
0.668379
0.668379
0.668379
0.668379
0.668379
0.668379
0.668379
0.668379
0.668379
0.668379
0.668379
0.668379
0.668379
0.668379
0.668379
0.668379
0.668379
0.668379
0.668379
0.668379
0.668379
0.668379
0.668379
0.668379
0.668379
0.668379
0.668379
0.668379
0.668379
0.668379
0.668379
0.668379
0.668379
0.668379
0.668379
0.668379
0.668379
0.668379
0.668379
0.668379
0.668379
0.668379
0.668379
0.668379
0.668379
0.668379
0.668379
0.668379
0.668379
0.668379
0.668379
0.668379
0.668379
0.668379
0.668379
0.668379
0.668379
0.668379
0.668379
0.668379
0.668379
0.668379
0.661952
0.655382
0.648813
0.642243
0.635674
0.629104
0.622535
0.615965
0.609396
0.602826
0.596257
0.589687
0.583118
0.576548
0.569979
0.563409
0.556840
0.550270
0.543701
0.537131
0.530562
0.523992
0.517423
0.510853
0.504284
0.497715
0.491145
0.484576
0.478006
0.471437
0.464867
0.458298
0.451728
0.445159
0.438589
0.432020
0.425450
0.418881
0.412311
0.405742
0.399172
0.392603
0.386033
0.379464
0.372894
0.366325
0.359755
0.353186
0.346616
0.340047
0.333477
0.326908
0.320338
0.313769
0.307199
0.300630
0.294061
0.287491
0.280922
0.274352
0.267783
0.261213
0.254644
0.248074
0.241505
0.234935
0.228366
0.221796
0.215227
0.208657
0.202088
0.195518
0.188949
0.182379
0.175810
0.169240
0.162671
0.156101
0.149532
0.142962
0.142093
0.141350
0.140607
0.139863
0.139120
0.138376
0.137633
0.136890
0.136146
0.135403
0.134660
0.133916
0.133173
0.132429
0.131686
0.130943
0.130199
0.129456
0.128713
0.127969
0.127226
0.126483
0.125739
0.124996
0.124252
0.123509
0.122766
0.122022
0.121279
0.120536
0.119792
0.119049
0.118305
0.117562
0.116819
0.116075
0.115332
0.114589
0.113845
0.113102
0.112358
0.111615
0.110872
0.110128
0.109385
0.108642
0.107898
0.107155
0.106412
0.105668
0.104925
0.104181
0.103438
0.102695
0.101951
0.101208
0.100465
0.099721
0.098978
0.098234
0.097491
0.096748
0.096004
0.095261
0.094518
0.093774
0.093031
0.092287
0.091544
0.090801
0.090057
0.089314
0.088571
0.087827
0.087084
0.086341
0.085597
0.084854
0.084110
0.083367
0.082867
0.082372
0.081877
0.081383
0.080888
0.080393
0.079898
0.079403
0.078909
0.078414
0.077919
0.077424
0.076930
0.076435
0.075940
0.075445
0.074950
0.074456
0.073961
0.073466
0.072971
0.072477
0.071982
0.071487
0.070992
0.070497
0.070003
0.069508
0.069013
0.068518
0.068024
0.067529
0.067034
0.066539
0.066044
0.065550
0.065055
0.064560
0.064065
0.063571
0.063076
0.062581
0.062086
0.061591
0.061097
0.060602
0.060107
0.059612
0.059118
0.058623
0.058128
0.057633
0.057138
0.056644
0.056149
0.055654
0.055159
0.054665
0.054170
0.053675
0.053180
0.052685
0.052191
0.051696
0.051201
0.050706
0.050212
0.049717
0.049222
0.048727
0.048232
0.047738
0.047243
0.046748
0.046253
0.045759
0.045264
0.044769
0.044274
0.043779
0.043630
0.043489
0.043348
0.043206
0.043065
0.042924
0.042782
0.042641
0.042500
0.042358
0.042217
0.042075
0.041934
0.041793
0.041651
0.041510
0.041369
0.041227
0.041086
0.040944
0.040803
0.040662
0.040520
0.040379
0.040238
0.040096
0.039955
0.039814
0.039672
0.039531
0.039389
0.039248
0.039107
0.038965
0.038824
0.038683
0.038541
0.038400
0.038259
0.038117
0.037976
0.037834
0.037693
0.037552
0.037410
0.037269
0.037128
0.036986
0.036845
0.036703
0.036562
0.036421
0.036279
0.036138
0.035997
0.035855
0.035714
0.035573
0.035431
0.035290
0.035148
0.035007
0.034866
0.034724
0.034583
0.034442
0.034300
0.034159
0.034017
0.033876
0.033735
0.033593
0.033452
0.033311
0.033169
0.033028
0.032887
0.032745
0.032604
0.032462
0.032400
0.032339
0.032279
0.032218
0.032158
0.032097
0.032036
0.031976
0.031915
0.031854
0.031794
0.031733
0.031673
0.031612
0.031551
0.031491
0.031430
0.031369
0.031309
0.031248
0.031187
0.031127
0.031066
0.031006
0.030945
0.030884
0.030824
0.030763
0.030702
0.030642
0.030581
0.030521
0.030460
0.030399
0.030339
0.030278
0.030217
0.030157
0.030096
0.030035
0.029975
0.029914
0.029854
0.029793
0.029732
0.029672
0.029611
0.029550
0.029490
0.029429
0.029369
0.029308
0.029247
0.029187
0.029126
0.029065
0.029005
0.028944
0.028884
0.028823
0.028762
0.028702
0.028641
0.028580
0.028520
0.028459
0.028398
0.028338
0.028277
0.028217
0.028156
0.028095
0.028035
0.027974
0.027913
0.027853
0.027792
0.027732
0.027671
0.027610
0.027603
0.027597
0.027591
0.027585
0.027579
0.027573
0.027567
0.027561
0.027555
0.027549
0.027543
0.027537
0.027531
0.027525
0.027519
0.027513
0.027507
0.027501
0.027495
0.027489
0.027483
0.027477
0.027471
0.027465
0.027459
0.027453
0.027447
0.027441
0.027435
0.027429
0.027423
0.027417
0.027411
0.027405
0.027399
0.027393
0.027386
0.027380
0.027374
0.027368
0.027362
0.027356
0.027350
0.027344
0.027338
0.027332
0.027326
0.027320
0.027314
0.027308
0.027302
0.027296
0.027290
0.027284
0.027278
0.027272
0.027266
0.027260
0.027254
0.027248
0.027242
0.027236
0.027230
0.027224
0.027218
0.027212
0.027206
0.027200
0.027194
0.027188
0.027182
0.027176
0.027170
0.027164
0.027158
0.027152
0.027146
0.027140
0.027134
0.027128
0.027276
0.027427
0.027578
0.027729
0.027881
0.028032
0.028183
0.028334
0.028486
0.028637
0.028788
0.028940
0.029091
0.029242
0.029393
0.029545
0.029696
0.029847
0.029998
0.030150
0.030301
0.030452
0.030603
0.030755
0.030906
0.031057
0.031208
0.031360
0.031511
0.031662
0.031813
0.031965
0.032116
0.032267
0.032418
0.032570
0.032721
0.032872
0.033024
0.033175
0.033326
0.033477
0.033629
0.033780
0.033931
0.034082
0.034234
0.034385
0.034536
0.034687
0.034839
0.034990
0.035141
0.035292
0.035444
0.035595
0.035746
0.035897
0.036049
0.036200
0.036351
0.036502
0.036654
0.036805
0.036956
0.037108
0.037259
0.037410
0.037561
0.037713
0.037864
0.038015
0.038166
0.038318
0.038469
0.038620
0.038771
0.038923
0.039074
0.039225
0.039428
0.039631
0.039835
0.040038
0.040242
0.040445
0.040649
0.040852
0.041056
0.041259
0.041463
0.041666
0.041870
0.042073
0.042277
0.042480
0.042684
0.042887
0.043091
0.043294
0.043498
0.043701
0.043905
0.044108
0.044312
0.044515
0.044719
0.044922
0.045126
0.045329
0.045533
0.045736
0.045940
0.046143
0.046347
0.046550
0.046754
0.046957
0.047161
0.047364
0.047568
0.047771
0.047975
0.048178
0.048382
0.048585
0.048789
0.048992
0.049196
0.049399
0.049603
0.049806
0.050010
0.050213
0.050417
0.050620
0.050824
0.051027
0.051231
0.051434
0.051638
0.051841
0.052045
0.052248
0.052452
0.052655
0.052859
0.053062
0.053266
0.053469
0.053673
0.053876
0.054080
0.054283
0.054487
0.054690
0.054894
0.055097
0.055301
0.055504
0.055535
0.055562
0.055589
0.055615
0.055642
0.055669
0.055696
0.055723
0.055750
0.055776
0.055803
0.055830
0.055857
0.055884
0.055911
0.055937
0.055964
0.055991
0.056018
0.056045
0.056072
0.056099
0.056125
0.056152
0.056179
0.056206
0.056233
0.056260
0.056286
0.056313
0.056340
0.056367
0.056394
0.056421
0.056448
0.056474
0.056501
0.056528
0.056555
0.056582
0.056609
0.056635
0.056662
0.056689
0.056716
0.056743
0.056770
0.056796
0.056823
0.056850
0.056877
0.056904
0.056931
0.056958
0.056984
0.057011
0.057038
0.057065
0.057092
0.057119
0.057145
0.057172
0.057199
0.057226
0.057253
0.057280
0.057306
0.057333
0.057360
0.057387
0.057414
0.057441
0.057468
0.057494
0.057521
0.057548
0.057641
0.057943
0.058245
0.058547
0.058850
0.059152
0.059454
0.059756
0.060059
0.060361
0.060663
0.060966
0.061268
0.061570
0.061872
0.062175
0.062477
0.062779
0.063081
0.063384
0.063686
0.063988
0.064290
0.064593
0.064895
0.065197
0.065499
0.065802
0.066104
0.066406
0.066709
0.067011
0.067313
0.067615
0.067918
0.068220
0.068522
0.068824
0.069127
0.069429
0.069731
0.070033
0.070336
0.070638
0.070940
0.071243
0.071545
0.071847
0.072149
0.072452
0.072754
0.073056
0.073358
0.073661
0.073963
0.074265
0.074567
0.074870
0.075172
0.075474
0.075777
0.076071
0.076273
0.076474
0.076675
0.076877
0.077078
0.077279
0.077480
0.077682
0.077883
0.078084
0.078286
0.078487
0.078688
0.078890
0.079091
0.079292
0.079493
0.079695
0.079896
0.080097
0.080299
0.080500
0.080701
0.080903
0.081104
0.081305
0.081506
0.081708
0.081909
0.082110
0.082312
0.082513
0.082714
0.082916
0.083117
0.083318
0.083519
0.083721
0.083922
0.084123
0.084325
0.084526
0.084727
0.084929
0.085130
0.085331
0.085532
0.085734
0.086101
0.086493
0.086885
0.087277
0.087669
0.088061
0.088453
0.088845
0.089237
0.089629
0.090021
0.090413
0.090805
0.091197
0.091589
0.091982
0.092374
0.092766
0.093158
0.093550
0.093942
0.094334
0.094726
0.095118
0.095510
0.095902
0.096294
0.096686
0.097078
0.097470
0.097862
0.098254
0.098646
0.099038
0.099430
0.099822
0.100214
0.100607
0.101229
0.102408
0.103587
0.104766
0.105945
0.107124
0.108303
0.109482
0.110661
0.111840
0.113019
0.114198
0.115377
0.116556
0.117735
0.118914
0.120093
0.121272
0.122451
0.123630
0.124809
0.125988
0.127167
0.128346
0.129525
0.130704
0.131883
0.133062
0.134241
0.135420
0.136599
0.137717
0.138832
0.139946
0.141061
0.142176
0.143291
0.144405
0.145520
0.146635
0.147749
0.148864
0.149979
0.151094
0.152208
0.153323
0.154438
0.155552
0.156667
0.157782
0.158897
0.160011
0.161126
0.162241
0.163356
0.164470
0.165803
0.167140
0.168476
0.169813
0.171149
0.172486
0.173822
0.175159
0.176495
0.177832
0.179168
0.180505
0.181841
0.183178
0.184514
0.185850
0.187187
0.188523
0.189860
0.191196
0.192936
0.195499
0.198063
0.200626
0.203190
0.205753
0.208317
0.210880
0.213443
0.216007
0.218570
0.221134
0.223697
0.226261
0.228824
0.231388
0.233951
0.236515
0.239540
0.242727
0.245915
0.249102
0.252290
0.255478
0.258665
0.261853
0.265041
0.268228
0.271416
0.274604
0.277791
0.280979
0.284166
0.287696
0.291520
0.295344
0.299167
0.302991
0.306815
0.310639
0.314463
0.318287
0.322111
0.325935
0.329758
0.333582
0.337363
0.340450
0.343536
0.346623
0.349709
0.352796
0.355882
0.358969
0.362055
0.365142
0.368228
0.371315
0.374401
0.377366
0.380320
0.383274
0.386228
0.389182
0.392136
0.395090
0.398044
0.400998
0.403952
0.406906
0.413448
0.420224
0.427001
0.433778
0.440554
0.447331
0.448889
0.443446
0.438004
0.432561
0.427118
0.421675
0.418804
0.422790
0.426776
0.430763
0.434749
0.438735
0.439842
0.437680
0.435518
0.433357
0.431195
0.429033
0.437601
0.447229
0.456858
0.466486
0.476114
0.484057
0.491023
0.497990
0.504957
0.511924
0.520068
0.529036
0.538004
0.546972
0.555940
0.555354
0.551676
0.547998
0.544319
0.540323
0.534024
0.527725
0.521426
0.515128
0.516662
0.521822
0.526982
0.532143
0.532861
0.526957
0.521053
0.515150
0.511261
0.512395
0.513529
0.514663
0.519521
0.532546
0.545572
0.558597
0.568172
0.573928
0.579685
0.585442
0.581384
0.574224
0.567064
0.559095
0.547041
0.534988
0.522934
0.531163
0.550130
0.569098
0.584097
0.588649
0.593202
0.597754
0.595753
0.593437
0.591120
0.592255
0.594690
0.597124
0.590390
0.577916
0.565443
0.568442
0.582795
0.597147
0.602734
0.602450
0.602166
0.603315
0.605066
0.606816
0.601434
0.594796
0.588826
0.594503
0.600180
0.604794
0.607174
0.609554
0.623041
0.642800
0.662429
0.670207
0.677985
0.685040
0.691099
0.697158
0.708579
0.720762
0.732586
0.743652
0.754718
0.737972
0.715035
0.702647
0.709476
0.716306
0.752465
0.791954
0.825070
0.850631
0.875651
0.887771
0.899890
0.942611
1.004589
1.053185
1.050359
1.047533
1.043826
1.039914
1.017172
0.962872
0.908573
0.931784
0.960795
0.983041
0.997762
1.012483
1.116974
1.223788
1.353668
1.512386
1.671104
1.754032
1.823768
1.891281
1.949898
2.008516
2.094614
2.213765
2.332916
2.435061
2.528528
2.621994
2.808885
3.021773
3.234660
3.677080
4.170204
4.663328
5.179194
5.702451
6.225709
7.595363
9.608989
11.622615
14.561266
19.655144
24.749021
29.842899
43.665497
57.709162
71.752828
82.021828
89.242123
96.462419
104.098553
123.401174
142.703795
162.006415
206.207128
291.032903
375.858678
460.684452
1035.524681
1857.358035
2679.191388
3501.024741
7632.382551
12115.123427
16597.864303
21003.439074
18480.427677
15957.416279
13434.404882
10983.301730
9691.697636
8400.093542
7108.489448
5844.333043
5110.473294
4376.613545
3642.753795
2908.894046
2655.162017
2443.251411
2231.340804
2019.430198
1760.785016
1479.118661
1197.452306
915.785950
710.161326
663.684429
617.207531
570.730633
524.253735
491.999589
461.639959
431.280329
400.920700
363.430920
312.159194
260.887469
209.615744
158.344018
124.537488
98.508978
72.480468
46.451959
20.423449
14.883982
12.301603
9.719223
7.136843
4.554464
3.762134
3.298739
2.835344
2.371949
1.908553
1.563669
1.312502
1.061335
0.810168
0.559001
0.307834
0.239981
0.205527
0.171073
0.136619
0.102165
0.067712
0.054539
0.048218
0.041896
0.035575
0.029254
0.022933
0.023696
0.026366
0.029036
0.031706
0.034376
0.037046
0.040720
0.044869
0.049017
0.053166
0.057315
0.061510
0.065780
0.070050
0.074321
0.078591
0.082894
0.087198
0.091502
0.095914
0.100655
0.105395
0.110136
0.120461
0.132181
0.143900
0.153250
0.160643
0.168035
0.170849
0.167186
0.163523
0.165440
0.176505
0.187570
0.195908
0.200150
0.204393
0.211112
0.220032
0.228952
0.229546
0.226260
0.222974
0.228074
0.233680
0.238971
0.239483
0.239995
0.242589
0.249089
0.255590
0.253463
0.243607
0.233750
0.235548
0.244242
0.252937
0.254345
0.253757
0.253241
0.274193
0.295146
0.315061
0.327174
0.339287
0.350881
0.360901
0.370921
0.379026
0.384273
0.389519
0.384633
0.366631
0.348628
0.341930
0.347056
0.352181
0.356530
0.360007
0.363483
0.367164
0.371271
0.375378
0.379880
0.385817
0.391753
0.397763
0.406369
0.414975
0.423582
0.435929
0.449595
0.463262
0.482849
0.510419
0.537989
0.561813
0.547035
0.532257
0.517479
0.502712
0.487947
0.473183
0.471758
0.491483
0.511208
0.530933
0.531746
0.532394
0.533042
0.528525
0.520248
0.511971
0.503704
0.495489
0.487275
0.479060
0.490092
0.510053
0.530014
0.550029
0.570260
0.590491
0.610722
0.598964
0.575024
0.551083
0.542278
0.586861
0.631445
0.676028
0.674144
0.651564
0.628984
0.607973
0.595343
0.582712
0.570082
0.562258
0.557216
0.552174
0.548338
0.557396
0.566455
0.575513
0.586695
0.599968
0.613241
0.626514
0.642804
0.659403
0.676002
0.691979
0.706585
0.721192
0.735799
0.728373
0.711742
0.695110
0.679673
0.676536
0.673399
0.670263
0.669512
0.671766
0.674020
0.676273
0.682131
0.688951
0.695770
0.702315
0.707005
0.711694
0.716383
0.716376
0.710665
0.704955
0.699245
0.701313
0.705859
0.710405
0.714391
0.707848
0.701305
0.694762
0.690494
0.690752
0.691009
0.691267
0.688061
0.682282
0.676502
0.670722
0.666208
0.662046
0.657884
0.653722
0.658989
0.664325
0.669660
0.675909
0.686195
0.696481
0.706767
0.716678
0.725898
0.735118
0.744337
0.754666
0.766182
0.777697
0.789212
0.783486
0.766258
0.749031
0.731803
0.731663
0.738712
0.745760
0.752809
0.749024
0.741537
0.734050
0.726564
0.720629
0.715067
0.709506
0.703944
0.711926
0.722819
0.733712
0.744604
0.759683
0.775654
0.791626
0.807598
0.802200
0.790228
0.778256
0.766284
0.770609
0.783149
0.795688
0.808228
0.827839
0.854480
0.881120
0.907761
0.921119
0.907037
0.892956
0.878874
0.867738
0.877592
0.887446
0.897300
0.907154
0.935541
0.967520
0.999499
1.031478
1.049880
1.054601
1.059321
1.064042
1.069914
1.088414
1.106914
1.125414
1.143914
1.156221
1.164574
1.172928
1.181282
1.189515
1.196264
1.203012
1.209760
1.216508
1.221346
1.223807
1.226269
1.228730
1.231192
1.240360
1.251926
1.263492
1.275058
1.286624
1.272053
1.256309
1.240564
1.224819
1.210369
1.211157
1.211945
1.212732
1.213520
1.213210
1.199823
1.186436
1.173049
1.159662
1.146275
1.157571
1.170039
1.182508
1.194976
1.207444
1.195809
1.175166
1.154523
1.133880
1.113237
1.102238
1.110734
1.119229
1.127725
1.136220
1.144715
1.153486
1.162315
1.171143
1.179972
1.188801
1.196967
1.202159
1.207350
1.212542
1.217734
1.222925
1.222645
1.211664
1.200684
1.189704
1.178724
1.167743
1.165598
1.180708
1.195818
1.210928
1.226038
1.241148
1.255980
1.269086
1.282192
1.295298
1.308404
1.321510
1.334617
1.336414
1.337518
1.338623
1.339728
1.340833
1.341937
1.353418
1.367222
1.381025
1.394829
1.408632
1.422436
1.422709
1.419579
1.416450
1.413321
1.410192
1.407063
1.405921
1.405060
1.404198
1.403337
1.402476
1.401615
1.435917
1.471533
1.507150
1.542766
1.578383
1.607268
1.601266
1.595264
1.589262
1.583261
1.577259
1.576289
1.582486
1.588684
1.594882
1.601080
1.607277
1.628038
1.655410
1.682782
1.710154
1.737526
1.762644
1.745434
1.728224
1.711014
1.693804
1.676594
1.678978
1.703221
1.727463
1.751705
1.775948
1.800190
1.843600
1.889196
1.934791
1.980386
2.025981
2.041218
2.008411
1.975603
1.942795
1.909988
1.877180
1.876099
1.878418
1.880736
1.883055
1.885373
1.875546
1.848409
1.821272
1.794135
1.766998
1.739861
1.759383
1.781417
1.803452
1.825486
1.847520
1.854645
1.845987
1.837328
1.828669
1.820011
1.811853
1.811379
1.810905
1.810430
1.809956
1.809482
1.846712
1.907839
1.968966
2.030092
2.091219
2.138778
2.095073
2.051369
2.007664
1.963959
1.920254
1.912055
1.925237
1.938418
1.951600
1.964781
1.977078
1.983895
1.990713
1.997531
2.004349
2.011167
2.020740
2.032179
2.043618
2.055056
2.066495
2.077553
2.082247
2.086941
2.091635
2.096329
2.101023
2.102122
2.099139
2.096156
2.093173
2.090190
2.087206
2.122879
2.168232
2.213584
2.258937
2.304289
2.346921
2.339428
2.331935
2.324442
2.316950
2.309457
2.305907
2.314643
2.323380
2.332117
2.340853
2.349590
2.351912
2.342002
2.332092
2.322183
2.312273
2.302363
2.305993
2.333019
2.360046
2.387072
2.414098
2.441124
2.461912
2.466860
2.471809
2.476757
2.481705
2.486653
2.491402
2.493838
2.496273
2.498709
2.501144
2.503580
2.506015
2.514220
2.524434
2.534648
2.544862
2.555076
2.565290
2.567462
2.550265
2.533069
2.515872
2.498675
2.481478
2.464282
2.460686
2.468306
2.475925
2.483545
2.491164
2.498784
2.506403
2.522417
2.544799
2.567182
2.589564
2.611946
2.634329
2.656711
2.670969
2.666217
2.661466
2.656715
2.651963
2.647212
2.642461
2.637709
2.633350
2.629134
2.624918
2.620703
2.616487
2.612271
2.608055
2.603839
2.605030
2.607221
2.609411
2.611601
2.613791
2.615982
2.618172
2.620362
2.636942
2.654809
2.672675
2.690542
2.708409
2.726276
2.744143
2.762399
2.782043
2.801687
2.821332
2.840976
2.860621
2.880265
2.899909
2.914788
2.928211
2.941633
2.955056
2.968478
2.981901
2.995323
3.006797
3.016437
3.026076
3.035715
3.045354
3.054993
3.064632
3.077964
3.096229
3.114493
3.132757
3.151022
3.169286
3.187550
3.201526
3.211426
3.221327
3.231227
3.241128
3.251029
3.260929
3.265457
3.268008
3.270559
3.273110
3.275661
3.278212
3.281734
3.299736
3.317738
3.335740
3.353742
3.371744
3.389746
3.403584
3.413251
3.422918
3.432586
3.442253
3.451920
3.461603
3.474933
3.488264
3.501594
3.514925
3.528255
3.541585
3.552924
3.562747
3.572570
3.582393
3.592216
3.602040
3.612957
3.627902
3.642846
3.657790
3.672734
3.687679
3.702623
3.733931
3.767043
3.800156
3.833268
3.866381
3.899493
3.921586
3.937824
3.954061
3.970298
3.986535
4.002773
4.025901
4.057256
4.088611
4.119966
4.151321
4.182676
4.199644
4.176673
4.153702
4.130731
4.107760
4.084789
4.062789
4.078962
4.095135
4.111307
4.127480
4.143653
4.159826
4.166188
4.169298
4.172407
4.175517
4.178626
4.181736
4.186752
4.194010
4.201268
4.208526
4.215784
4.223042
4.233210
4.261097
4.288983
4.316870
4.344757
4.372643
4.400530
4.405624
4.403031
4.400437
4.397844
4.395251
4.392658
4.396214
4.413113
4.430012
4.446912
4.463811
4.480710
4.497610
4.511158
4.523839
4.536520
4.549201
4.561883
4.574564
4.589220
4.613476
4.637732
4.661988
4.686244
4.710501
4.734757
4.751426
4.758173
4.764920
4.771667
4.778414
4.785161
4.791908
4.796758
4.800222
4.803685
4.807148
4.810611
4.814074
4.817537
4.809168
4.792594
4.776019
4.759444
4.742869
4.726294
4.709719
4.711255
4.736725
4.762196
4.787667
4.813138
4.838608
4.864079
4.887768
4.871897
4.856025
4.840154
4.824282
4.808411
4.792539
4.776668
4.763623
4.754869
4.746115
4.737361
4.728607
4.719853
4.711099
4.702345
4.691693
4.678916
4.666139
4.653361
4.640584
4.627807
4.615030
4.602253
4.597228
4.625384
4.653541
4.681697
4.709853
4.738010
4.766166
4.794322
4.823434
4.877129
4.930824
4.984519
5.038214
5.091908
5.145603
5.199298
5.239432
5.247811
5.256190
5.264569
5.272948
5.281326
5.289705
5.298084
5.308360
5.318910
5.329459
5.340009
5.350558
5.361107
5.371657
5.390877
5.414584
5.438291
5.461998
5.485705
5.509412
5.533118
5.546931
5.554736
5.562540
5.570345
5.578149
5.585953
5.593758
5.609416
5.627608
5.645800
5.663992
5.682183
5.700375
5.718775
5.740212
5.761649
5.783086
5.804523
5.825960
5.847397
5.856017
5.851509
5.847000
5.842492
5.837984
5.833476
5.830649
5.861321
5.891994
5.922666
5.953339
5.984011
6.014684
6.053127
6.094819
6.136512
6.178204
6.219896
6.261588
6.284210
6.284751
6.285292
6.285833
6.286375
6.286916
6.285710
6.280039
6.274369
6.268698
6.263027
6.257356
6.258836
6.301858
6.344880
6.387902
6.430924
6.473946
6.516263
6.548765
6.581267
6.613769
6.646270
6.678772
6.710286
6.687161
6.664036
6.640911
6.617786
6.594661
6.571536
6.610834
6.650656
6.690478
6.730301
6.770123
6.809644
6.826179
6.842714
6.859249
6.875784
6.892319
6.908540
6.905751
6.902962
6.900174
6.897385
6.894596
6.892053
6.913309
6.934564
6.955820
6.977075
6.998331
7.019587
7.008392
6.996908
6.985424
6.973939
6.962455
6.950970
6.971904
6.994577
7.017250
7.039923
7.062596
7.085268
7.093946
7.100779
7.107612
7.114445
7.121278
7.128111
7.140696
7.155162
7.169628
7.184094
7.198560
7.213027
7.264297
7.339639
7.414981
7.490323
7.565665
7.641007
7.705089
7.752023
7.798956
7.845890
7.892823
7.939757
7.990530
8.084004
8.177479
8.270953
8.364428
8.457902
8.551377
8.615715
8.666428
8.717141
8.767855
8.818568
8.869282
8.927954
9.022550
9.117146
9.211743
9.306339
9.400935
9.495532
9.589852
9.683944
9.778036
9.872129
9.966221
10.060314
10.154406
10.238567
10.319985
10.401404
10.482822
10.564241
10.645659
10.727078
10.843525
10.966463
11.089402
11.212341
11.335279
11.458218
11.581157
11.706801
11.833553
11.960305
12.087057
12.213810
12.340562
12.467314
12.562445
12.595420
12.628396
12.661371
12.694347
12.727322
12.760298
12.793273
12.911960
13.071497
13.231035
13.390572
13.550109
13.709646
13.869183
14.028720
14.162994
14.287932
14.412870
14.537809
14.662747
14.787685
14.912623
15.037561
15.257350
15.565501
15.873652
16.181803
16.489955
16.798106
17.106257
17.414408
17.647975
17.836031
18.024086
18.212141
18.400196
18.588252
18.776307
18.971261
19.316258
19.661256
20.006254
20.351252
20.696249
21.041247
21.386245
21.616881
21.792660
21.968439
22.144218
22.319996
22.495775
22.671554
22.907486
23.203532
23.499578
23.795624
24.091670
24.387716
24.683761
24.981672
25.281283
25.580894
25.880505
26.180116
26.479727
26.779338
27.170713
27.598814
28.026915
28.455015
28.883116
29.311217
29.729540
29.936791
30.144043
30.351294
30.558546
30.765797
30.973049
31.250632
31.598972
31.947312
32.295652
32.643992
32.992332
33.336756
33.628548
33.920341
34.212133
34.503926
34.795718
35.087510
35.378200
35.668493
35.958786
36.249080
36.539373
36.829666
37.149080
37.501347
37.853614
38.205880
38.558147
38.910414
39.203028
39.319859
39.436689
39.553520
39.670350
39.787181
39.914780
40.269213
40.623645
40.978077
41.332509
41.686942
42.041374
42.208179
42.344417
42.480654
42.616892
42.753130
42.889367
43.067047
43.262822
43.458596
43.654370
43.850145
44.045919
44.069011
43.952776
43.836541
43.720307
43.604072
43.487837
43.472174
43.597954
43.723734
43.849513
43.975293
44.101073
44.185488
44.163481
44.141473
44.119466
44.097458
44.075450
44.057288
44.067040
44.076793
44.086545
44.096298
44.106050
44.115803
44.025082
43.927918
43.830754
43.733590
43.636426
43.539262
43.520046
43.533834
43.547623
43.561411
43.575200
43.588988
43.535475
43.392139
43.248802
43.105465
42.962129
42.818792
42.692848
42.727176
42.761504
42.795832
42.830160
42.864488
42.898816
42.908798
42.908583
42.908369
42.908154
42.907940
42.907725
42.864072
42.672792
42.481512
42.290232
42.098952
41.907672
41.716392
41.690634
41.761232
41.831830
41.902428
41.973026
42.043624
42.114222
41.899948
41.655311
41.410674
41.166036
40.921399
40.676762
40.441768
40.485171
40.528574
40.571978
40.615381
40.658785
40.702188
40.742332
40.507583
40.272834
40.038084
39.803335
39.568586
39.333836
39.099087
38.973723
38.872813
38.771903
38.670993
38.570082
38.469172
38.368262
38.295744
38.267387
38.239031
38.210674
38.182318
38.153961
38.125604
38.097248
38.088424
