0.668379
0.668379
0.668379
0.668379
0.668379
0.668379
0.668379
0.668379
0.668379
0.668379
0.668379
0.668379
0.668379
0.668379
0.668379
0.668379
0.668379
0.668379
0.668379
0.668379
0.668379
0.668379
0.668379
0.668379
0.668379
0.668379
0.668379
0.668379
0.668379
0.668379
0.668379
0.668379
0.668379
0.668379
0.668379
0.668379
0.668379
0.668379
0.668379
0.668379
0.668379
0.668379
0.668379
0.668379
0.668379
0.668379
0.668379
0.668379
0.668379
0.668379
0.668379
0.668379
0.668379
0.668379
0.668379
0.668379
0.668379
0.668379
0.668379
0.668379
0.668379
0.668379
0.668379
0.668379
0.668379
0.668379
0.668379
0.668379
0.668379
0.661806
0.655087
0.648368
0.641650
0.634931
0.628213
0.621494
0.614775
0.608057
0.601338
0.594619
0.587901
0.581182
0.574463
0.567745
0.561026
0.554308
0.547589
0.540870
0.534152
0.527433
0.520714
0.513996
0.507277
0.500559
0.493840
0.487121
0.480403
0.473684
0.466965
0.460247
0.453528
0.446809
0.440091
0.433372
0.426654
0.419935
0.413216
0.406498
0.399779
0.393060
0.386342
0.379623
0.372904
0.366186
0.359467
0.352749
0.346030
0.339311
0.332593
0.325874
0.319155
0.312437
0.305718
0.299000
0.292281
0.285562
0.278844
0.272125
0.265406
0.258688
0.251969
0.245250
0.238532
0.231813
0.225095
0.218376
0.211657
0.204939
0.198220
0.191501
0.184783
0.178064
0.171346
0.164627
0.157908
0.151190
0.144471
0.137752
0.131034
0.130170
0.129435
0.128701
0.127966
0.127231
0.126496
0.125762
0.125027
0.124292
0.123558
0.122823
0.122088
0.121354
0.120619
0.119884
0.119150
0.118415
0.117680
0.116945
0.116211
0.115476
0.114741
0.114007
0.113272
0.112537
0.111803
0.111068
0.110333
0.109599
0.108864
0.108129
0.107395
0.106660
0.105925
0.105190
0.104456
0.103721
0.102986
0.102252
0.101517
0.100782
0.100048
0.099313
0.098578
0.097844
0.097109
0.096374
0.095639
0.094905
0.094170
0.093435
0.092701
0.091966
0.091231
0.090497
0.089762
0.089027
0.088293
0.087558
0.086823
0.086088
0.085354
0.084619
0.083884
0.083150
0.082415
0.081680
0.080946
0.080211
0.079476
0.078742
0.078007
0.077272
0.076538
0.075803
0.075068
0.074333
0.073599
0.072864
0.072129
0.071709
0.071295
0.070881
0.070467
0.070054
0.069640
0.069226
0.068812
0.068398
0.067985
0.067571
0.067157
0.066743
0.066330
0.065916
0.065502
0.065088
0.064675
0.064261
0.063847
0.063433
0.063019
0.062606
0.062192
0.061778
0.061364
0.060951
0.060537
0.060123
0.059709
0.059295
0.058882
0.058468
0.058054
0.057640
0.057227
0.056813
0.056399
0.055985
0.055572
0.055158
0.054744
0.054330
0.053916
0.053503
0.053089
0.052675
0.052261
0.051848
0.051434
0.051020
0.050606
0.050192
0.049779
0.049365
0.048951
0.048537
0.048124
0.047710
0.047296
0.046882
0.046468
0.046055
0.045641
0.045227
0.044813
0.044400
0.043986
0.043572
0.043158
0.042745
0.042331
0.041917
0.041503
0.041089
0.040676
0.040262
0.039848
0.039434
0.039021
0.038924
0.038834
0.038743
0.038653
0.038563
0.038473
0.038383
0.038293
0.038203
0.038113
0.038023
0.037933
0.037843
0.037753
0.037663
0.037573
0.037483
0.037393
0.037303
0.037213
0.037123
0.037033
0.036943
0.036853
0.036763
0.036673
0.036583
0.036493
0.036402
0.036312
0.036222
0.036132
0.036042
0.035952
0.035862
0.035772
0.035682
0.035592
0.035502
0.035412
0.035322
0.035232
0.035142
0.035052
0.034962
0.034872
0.034782
0.034692
0.034602
0.034512
0.034422
0.034332
0.034242
0.034152
0.034061
0.033971
0.033881
0.033791
0.033701
0.033611
0.033521
0.033431
0.033341
0.033251
0.033161
0.033071
0.032981
0.032891
0.032801
0.032711
0.032621
0.032531
0.032441
0.032351
0.032261
0.032171
0.032081
0.031991
0.031901
0.031811
0.031864
0.031921
0.031978
0.032035
0.032092
0.032149
0.032206
0.032263
0.032320
0.032377
0.032434
0.032491
0.032548
0.032605
0.032662
0.032719
0.032775
0.032832
0.032889
0.032946
0.033003
0.033060
0.033117
0.033174
0.033231
0.033288
0.033345
0.033402
0.033459
0.033516
0.033573
0.033630
0.033687
0.033744
0.033801
0.033857
0.033914
0.033971
0.034028
0.034085
0.034142
0.034199
0.034256
0.034313
0.034370
0.034427
0.034484
0.034541
0.034598
0.034655
0.034712
0.034769
0.034826
0.034883
0.034940
0.034996
0.035053
0.035110
0.035167
0.035224
0.035281
0.035338
0.035395
0.035452
0.035509
0.035566
0.035623
0.035680
0.035737
0.035794
0.035851
0.035908
0.035965
0.036022
0.036078
0.036135
0.036192
0.036249
0.036306
0.036363
0.036370
0.036375
0.036380
0.036386
0.036391
0.036397
0.036402
0.036407
0.036413
0.036418
0.036423
0.036429
0.036434
0.036439
0.036445
0.036450
0.036456
0.036461
0.036466
0.036472
0.036477
0.036482
0.036488
0.036493
0.036499
0.036504
0.036509
0.036515
0.036520
0.036525
0.036531
0.036536
0.036541
0.036547
0.036552
0.036558
0.036563
0.036568
0.036574
0.036579
0.036584
0.036590
0.036595
0.036601
0.036606
0.036611
0.036617
0.036622
0.036627
0.036633
0.036638
0.036643
0.036649
0.036654
0.036660
0.036665
0.036670
0.036676
0.036681
0.036686
0.036692
0.036697
0.036703
0.036708
0.036713
0.036719
0.036724
0.036729
0.036735
0.036740
0.036745
0.036751
0.036756
0.036762
0.036767
0.036772
0.036778
0.036783
0.036788
0.036794
0.036943
0.037096
0.037248
0.037401
0.037553
0.037706
0.037858
0.038011
0.038164
0.038316
0.038469
0.038621
0.038774
0.038926
0.039079
0.039231
0.039384
0.039536
0.039689
0.039842
0.039994
0.040147
0.040299
0.040452
0.040604
0.040757
0.040909
0.041062
0.041214
0.041367
0.041520
0.041672
0.041825
0.041977
0.042130
0.042282
0.042435
0.042587
0.042740
0.042892
0.043045
0.043198
0.043350
0.043503
0.043655
0.043808
0.043960
0.044113
0.044265
0.044418
0.044570
0.044723
0.044876
0.045028
0.045181
0.045333
0.045486
0.045638
0.045791
0.045943
0.046096
0.046248
0.046401
0.046554
0.046706
0.046859
0.047011
0.047164
0.047316
0.047469
0.047621
0.047774
0.047926
0.048079
0.048232
0.048384
0.048537
0.048689
0.048842
0.048994
0.049234
0.049475
0.049716
0.049957
0.050198
0.050439
0.050680
0.050921
0.051162
0.051403
0.051645
0.051886
0.052127
0.052368
0.052609
0.052850
0.053091
0.053332
0.053573
0.053814
0.054056
0.054297
0.054538
0.054779
0.055020
0.055261
0.055502
0.055743
0.055984
0.056225
0.056467
0.056708
0.056949
0.057190
0.057431
0.057672
0.057913
0.058154
0.058395
0.058636
0.058878
0.059119
0.059360
0.059601
0.059842
0.060083
0.060324
0.060565
0.060806
0.061047
0.061289
0.061530
0.061771
0.062012
0.062253
0.062494
0.062735
0.062976
0.063217
0.063458
0.063700
0.063941
0.064182
0.064423
0.064664
0.064905
0.065146
0.065387
0.065628
0.065869
0.066111
0.066352
0.066593
0.066834
0.067075
0.067316
0.067557
0.067798
0.068039
0.068280
0.068408
0.068533
0.068657
0.068782
0.068907
0.069032
0.069157
0.069282
0.069407
0.069531
0.069656
0.069781
0.069906
0.070031
0.070156
0.070281
0.070405
0.070530
0.070655
0.070780
0.070905
0.071030
0.071154
0.071279
0.071404
0.071529
0.071654
0.071779
0.071904
0.072028
0.072153
0.072278
0.072403
0.072528
0.072653
0.072778
0.072902
0.073027
0.073152
0.073277
0.073402
0.073527
0.073652
0.073776
0.073901
0.074026
0.074151
0.074276
0.074401
0.074525
0.074650
0.074775
0.074900
0.075025
0.075150
0.075275
0.075399
0.075524
0.075649
0.075774
0.075899
0.076024
0.076149
0.076273
0.076398
0.076523
0.076648
0.076773
0.076898
0.077022
0.077147
0.077272
0.077397
0.077522
0.077647
0.077895
0.078186
0.078476
0.078767
0.079057
0.079348
0.079638
0.079929
0.080219
0.080510
0.080801
0.081091
0.081382
0.081672
0.081963
0.082253
0.082544
0.082834
0.083125
0.083415
0.083706
0.083996
0.084287
0.084578
0.084868
0.085159
0.085449
0.085740
0.086030
0.086321
0.086611
0.086902
0.087192
0.087483
0.087773
0.088064
0.088355
0.088645
0.088936
0.089226
0.089517
0.089807
0.090098
0.090388
0.090679
0.090969
0.091260
0.091550
0.091841
0.092132
0.092422
0.092713
0.093003
0.093294
0.093584
0.093875
0.094165
0.094456
0.094746
0.095037
0.095385
0.095759
0.096132
0.096506
0.096880
0.097254
0.097628
0.098001
0.098375
0.098749
0.099123
0.099497
0.099870
0.100244
0.100618
0.100992
0.101366
0.101739
0.102113
0.102487
0.102861
0.103235
0.103609
0.103982
0.104356
0.104730
0.105104
0.105478
0.105851
0.106225
0.106599
0.106973
0.107347
0.107720
0.108094
0.108468
0.108842
0.109216
0.109589
0.109963
0.110337
0.110711
0.111085
0.111459
0.111832
0.112206
0.112580
0.112958
0.113539
0.114120
0.114701
0.115282
0.115862
0.116443
0.117024
0.117605
0.118186
0.118767
0.119347
0.119928
0.120509
0.121090
0.121671
0.122252
0.122833
0.123413
0.123994
0.124575
0.125156
0.125737
0.126318
0.126899
0.127479
0.128060
0.128641
0.129222
0.129803
0.130384
0.130964
0.131545
0.132126
0.132707
0.133288
0.133869
0.134450
0.135030
0.135617
0.136219
0.136822
0.137424
0.138026
0.138628
0.139231
0.139833
0.140435
0.141037
0.141639
0.142242
0.142844
0.143446
0.144048
0.144650
0.145253
0.145855
0.146457
0.147059
0.147662
0.148264
0.148866
0.149468
0.150070
0.150673
0.151275
0.151877
0.152479
0.153081
0.153684
0.154562
0.155996
0.157431
0.158865
0.160299
0.161733
0.163168
0.164602
0.166036
0.167471
0.168905
0.170339
0.171773
0.173208
0.174642
0.176076
0.177510
0.178945
0.180379
0.181813
0.183248
0.184682
0.186116
0.187550
0.188985
0.190424
0.193036
0.195649
0.198261
0.200873
0.203485
0.206097
0.208710
0.211322
0.213934
0.216546
0.219158
0.221770
0.224383
0.226995
0.229607
0.232219
0.234831
0.237443
0.240056
0.242668
0.245280
0.246611
0.247491
0.248372
0.249253
0.250133
0.251014
0.251895
0.252775
0.253656
0.254537
0.255417
0.256298
0.257179
0.258059
0.258940
0.259821
0.260702
0.261582
0.262832
0.264371
0.265910
0.267449
0.268989
0.270528
0.272067
0.273606
0.275145
0.276684
0.278223
0.279762
0.281301
0.282840
0.284379
0.285918
0.288718
0.291863
0.295008
0.298153
0.301298
0.304443
0.307588
0.310733
0.313878
0.317023
0.320168
0.323313
0.326457
0.329602
0.333982
0.338820
0.343658
0.348496
0.353334
0.358172
0.363010
0.367848
0.372686
0.377524
0.382362
0.387199
0.392037
0.398985
0.406016
0.413048
0.420080
0.427111
0.434143
0.441174
0.448206
0.455237
0.462269
0.469300
0.472855
0.471601
0.470347
0.469093
0.467839
0.466585
0.465331
0.464077
0.462823
0.461569
0.460315
0.460417
0.460846
0.461274
0.461702
0.462130
0.462559
0.462987
0.463415
0.463844
0.464272
0.462328
0.460295
0.458262
0.456228
0.454195
0.452162
0.450128
0.448095
0.446062
0.452893
0.461223
0.469553
0.477883
0.486212
0.494542
0.502872
0.511202
0.519149
0.526554
0.533960
0.541365
0.548770
0.556176
0.563581
0.570987
0.575730
0.577831
0.579933
0.582034
0.584135
0.586236
0.588338
0.590439
0.596367
0.602436
0.608506
0.614576
0.620646
0.626716
0.632786
0.637561
0.642081
0.646601
0.651120
0.655640
0.660160
0.663970
0.657288
0.650605
0.643923
0.637241
0.630558
0.623876
0.629447
0.642580
0.655714
0.668847
0.681980
0.695113
0.700397
0.696472
0.692548
0.688623
0.684698
0.680773
0.685838
0.698765
0.711691
0.724618
0.737544
0.750471
0.758720
0.765978
0.773237
0.780495
0.787754
0.785868
0.763851
0.741834
0.719817
0.697799
0.676377
0.689432
0.702488
0.715544
0.728600
0.741656
0.746332
0.749689
0.753045
0.756402
0.759758
0.744430
0.727770
0.711109
0.694449
0.679623
0.678641
0.677659
0.676677
0.675695
0.680750
0.693164
0.705578
0.717992
0.730406
0.734593
0.738296
0.742000
0.745704
0.747596
0.747914
0.748232
0.748550
0.750479
0.756797
0.763114
0.769431
0.776033
0.787979
0.799924
0.811870
0.823816
0.845275
0.867709
0.890143
0.912577
0.911239
0.905227
0.899214
0.893201
0.888651
0.884442
0.880233
0.876024
0.889659
0.905688
0.921717
0.937746
0.944231
0.950391
0.956551
0.962182
0.964609
0.967036
0.969463
0.977280
0.992759
1.008239
1.023718
0.998744
0.962941
0.927137
0.906134
0.931012
0.955891
0.980769
0.975783
0.959718
0.943653
0.934447
0.942558
0.950669
0.958781
0.962856
0.966546
0.970236
0.989901
1.019719
1.049537
1.067388
1.066886
1.066384
1.075013
1.118807
1.162601
1.202319
1.202704
1.203088
1.203464
1.203173
1.202882
1.202249
1.172120
1.141991
1.111648
1.075949
1.040251
1.008366
1.011327
1.014287
1.015074
1.007672
1.000270
0.988602
0.968833
0.949064
0.951785
0.975707
0.999630
0.977275
0.936483
0.895691
0.932970
0.972605
1.008643
1.033321
1.057998
1.084553
1.112605
1.140658
1.141342
1.138663
1.134691
1.127168
1.119645
1.128077
1.145515
1.161645
1.136020
1.110395
1.114537
1.155807
1.197078
1.205288
1.208620
1.207507
1.194533
1.181559
1.207629
1.246590
1.288941
1.343269
1.397597
1.361478
1.288391
1.228963
1.226896
1.224829
1.246628
1.279540
1.313176
1.350266
1.387357
1.403626
1.409601
1.412576
1.399962
1.387349
1.385506
1.388930
1.387881
1.369178
1.350475
1.353000
1.364748
1.363809
1.307440
1.251071
1.243234
1.260103
1.273431
1.265508
1.257585
1.251894
1.247619
1.246779
1.284839
1.322898
1.364823
1.410031
1.455240
1.425815
1.396005
1.374536
1.363567
1.352598
1.364891
1.380709
1.376368
1.319103
1.261837
1.223100
1.192912
1.167483
1.210819
1.254156
1.286534
1.304774
1.323014
1.301604
1.267921
1.242011
1.309338
1.376666
1.403349
1.364595
1.325840
1.344709
1.389113
1.433517
1.439859
1.444717
1.459398
1.511869
1.564339
1.613312
1.657434
1.701555
1.672590
1.595806
1.519021
1.545845
1.611022
1.676200
1.677973
1.667894
1.657815
1.677094
1.698900
1.720706
1.768098
1.816856
1.865614
1.782084
1.692882
1.603680
1.608244
1.621085
1.633926
1.660373
1.690316
1.720259
1.740147
1.753936
1.767725
1.791987
1.830245
1.868504
1.907851
1.951305
1.994760
2.038214
2.037451
2.036519
2.048898
2.062858
2.065583
2.064623
2.017022
1.934351
1.878254
1.869831
1.865740
1.899359
1.932978
1.952533
1.968960
1.944578
1.879543
1.824604
1.826296
1.827989
1.874883
1.934778
1.936077
1.859314
1.796185
1.873858
1.951531
1.961819
1.949396
1.906584
1.821944
1.757085
1.831978
1.906871
1.904013
1.882978
1.867675
1.857913
1.847617
1.835231
1.822844
1.894314
1.974385
1.982340
1.947921
1.904139
1.843453
1.795028
1.855874
1.916721
1.964875
2.010866
2.013184
1.989560
1.991282
2.031608
2.063845
2.057275
2.050704
2.085856
2.123633
2.136974
2.140982
2.126753
2.094395
2.085462
2.133604
2.178854
2.194796
2.210738
2.258347
2.309674
2.290559
2.241927
2.216313
2.212031
2.215305
2.233255
2.250506
2.264398
2.278291
2.298031
2.317786
2.328459
2.337280
2.389311
2.462252
2.454685
2.371977
2.320201
2.322293
2.333140
2.373507
2.411633
2.424437
2.437242
2.392132
2.342710
2.303824
2.267987
2.262782
2.275766
2.285659
2.292337
2.287465
2.261929
2.234025
2.197269
2.167915
2.224490
2.281064
2.263310
2.241885
2.260746
2.288134
2.300411
2.305724
2.307330
2.305896
2.311927
2.328283
2.335278
2.319562
2.299935
2.259530
2.219578
2.209883
2.200187
2.195761
2.192098
2.220160
2.259719
2.304421
2.352479
2.379038
2.381322
2.369321
2.327668
2.296065
2.311455
2.329077
2.408160
2.487243
2.457291
2.411433
2.375118
2.342648
2.340873
2.364713
2.371008
2.347196
2.337270
2.387528
2.437354
2.444500
2.451646
2.459214
2.466876
2.462977
2.451961
2.456647
2.483024
2.505087
2.510816
2.516546
2.581206
2.645939
2.680919
2.707759
2.703719
2.675654
2.652288
2.638980
2.630076
2.683290
2.736505
2.727370
2.703205
2.719448
2.771160
2.808749
2.802922
2.797095
2.767161
2.735892
2.715420
2.700611
2.718584
2.800004
2.881100
2.848690
2.816280
2.790232
2.767421
2.757871
2.778938
2.800005
2.795111
2.788229
2.779454
2.769066
2.758556
2.747260
2.735964
2.743717
2.759131
2.775264
2.793299
2.811333
2.849671
2.892908
2.922627
2.923420
2.924214
2.952294
2.986874
3.004169
2.976214
2.948259
2.978579
3.031817
3.077318
3.074135
3.070952
3.082827
3.107872
3.132916
3.139580
3.144155
3.137111
3.091666
3.046222
3.017346
3.003041
2.988735
3.027210
3.077819
3.129543
3.201343
3.273143
3.306493
3.233008
3.159523
3.115121
3.107962
3.100803
3.122425
3.165677
3.208928
3.231003
3.242783
3.254563
3.244528
3.226371
3.208214
3.169708
3.123732
3.077756
3.069919
3.079964
3.090009
3.111702
3.142223
3.172743
3.205529
3.241519
3.277509
3.299948
3.258354
3.216760
3.175166
3.171894
3.174322
3.176750
3.183267
3.193194
3.203122
3.214040
3.227472
3.240904
3.254547
3.270357
3.286167
3.301977
3.302773
3.302035
3.301298
3.322264
3.349313
3.376363
3.358483
3.321045
3.283608
3.275078
3.282628
3.290177
3.301209
3.314198
3.327188
3.349132
3.375799
3.402467
3.420380
3.434591
3.448801
3.486268
3.529529
3.572790
3.578487
3.581370
3.583805
3.581855
3.579905
3.575729
3.565616
3.555504
3.557434
3.572442
3.587450
3.590335
3.587812
3.585290
3.574967
3.563852
3.562225
3.616506
3.670787
3.718903
3.758333
3.797762
3.809550
3.809638
3.809726
3.786819
3.763653
3.757639
3.792722
3.827805
3.842433
3.844165
3.845896
3.879551
3.915285
3.948501
3.975427
4.002353
4.028567
4.054374
4.080180
4.069795
4.058790
4.053431
4.058499
4.063568
4.062653
4.059504
4.058858
4.076886
4.094913
4.106664
4.112578
4.118492
4.090561
4.058744
4.042084
4.065365
4.088645
4.106250
4.121012
4.135337
4.141792
4.148247
4.153633
4.157624
4.161615
4.173467
4.186988
4.194667
4.180792
4.166917
4.163985
4.168401
4.172926
4.207479
4.242033
4.270475
4.289985
4.309495
4.327915
4.346095
4.362644
4.373115
4.383587
4.411046
4.451372
4.491698
4.491190
4.487186
4.482484
4.475955
4.469426
4.463226
4.457227
4.451229
4.514885
4.581697
4.624420
4.606970
4.589520
4.601486
4.633077
4.664668
4.676839
4.687024
4.697878
4.711445
4.725013
4.738350
4.751449
4.764549
4.766266
4.764494
4.763269
4.801808
4.840346
4.868276
4.863104
4.857931
4.872921
4.912085
4.951249
4.966628
4.968632
4.970636
4.997531
5.030794
5.064057
5.064070
5.061614
5.059961
5.075490
5.091019
5.102671
5.089036
5.075400
5.072234
5.111600
5.150966
5.184627
5.199503
5.214380
5.232509
5.261625
5.290740
5.314857
5.316966
5.319075
5.324694
5.358034
5.391374
5.424713
5.419782
5.414025
5.408269
5.446712
5.496059
5.545405
5.561545
5.555208
5.548870
5.541877
5.533519
5.525162
5.516804
5.532843
5.549124
5.565406
5.564362
5.551796
5.539230
5.530834
5.545730
5.560627
5.575523
5.595066
5.617272
5.639478
5.660163
5.657861
5.655559
5.653257
5.663628
5.693080
5.722531
5.751983
5.777682
5.801443
5.825205
5.848966
5.886566
5.924515
5.962464
5.995193
6.019208
6.043223
6.067238
6.130462
6.201035
6.271607
6.333860
6.382054
6.430249
6.478444
6.512859
6.546703
6.580547
6.617560
6.656663
6.695767
6.719994
6.709074
6.698153
6.688924
6.722863
6.756803
6.790742
6.834936
6.881389
6.927842
6.957606
6.978099
6.998591
7.015151
7.027718
7.040284
7.081333
7.166700
7.252067
7.319064
7.347308
7.375553
7.390116
7.369728
7.349341
7.362296
7.465147
7.567999
7.634419
7.610612
7.586806
7.594007
7.663810
7.733613
7.790703
7.828676
7.866649
7.875196
7.853030
7.830864
7.871770
7.954859
8.037948
8.074591
8.093842
8.113094
8.131610
8.150017
8.170312
8.251952
8.333591
8.396513
8.385131
8.373750
8.374312
8.394092
8.413872
8.427673
8.437087
8.446501
8.484565
8.530671
8.576776
8.643568
8.710615
8.768858
8.794142
8.819426
8.858789
8.915965
8.973141
9.012819
9.044202
9.075585
9.088964
9.100785
9.105381
9.073180
9.040978
9.086576
9.243999
9.401422
9.417634
9.360608
9.303581
9.326548
9.357577
9.394842
9.465094
9.535347
9.577354
9.578584
9.579813
9.584710
9.591519
9.598328
9.643086
9.691956
9.737102
9.759754
9.782405
9.815182
9.864645
9.914109
9.962841
10.011106
10.059370
10.099179
10.137329
10.175243
10.208593
10.241943
10.273810
10.301484
10.329157
10.353376
10.373595
10.393814
10.428051
10.469618
10.511185
10.556592
10.602733
10.648471
10.651899
10.655328
10.662155
10.686389
10.710624
10.739235
10.778029
10.816823
10.849162
10.872625
10.896088
10.930545
10.975021
11.019497
11.036030
11.034319
11.032608
11.061524
11.105907
11.150290
11.166259
11.170108
11.173958
11.199019
11.232591
11.266164
11.315833
11.372392
11.428952
11.470873
11.505201
11.539530
11.570584
11.599341
11.628098
11.621304
11.575687
11.530070
11.503392
11.513409
11.523427
11.539649
11.587370
11.635092
11.682813
11.651709
11.616166
11.580623
11.619206
11.691852
11.764497
11.820722
11.849764
11.878806
11.906985
11.883460
11.859935
11.836410
11.848176
11.883493
11.918810
11.948437
11.937148
11.925858
11.914569
11.925552
11.952914
11.980277
12.007639
11.944365
11.877002
11.809639
11.781058
11.861484
11.941910
12.022336
12.090964
12.148405
12.205845
12.263286
12.331439
12.401725
12.472010
12.538111
12.590443
12.642774
12.695106
12.785266
12.890837
12.996408
13.091086
13.153902
13.216718
13.279533
13.321408
13.359614
13.397819
13.441702
13.490938
13.540174
13.599536
13.693042
13.786548
13.880055
13.928622
13.976748
14.024874
14.027662
14.018822
14.009983
14.025455
14.054333
14.083211
14.127006
14.183940
14.240875
14.314310
14.407490
14.500669
14.551429
14.541500
14.531572
14.543676
14.589287
14.634897
14.661806
14.662312
14.662819
14.719848
14.843401
14.966954
15.022161
15.016085
15.010009
15.077581
15.189972
15.302363
15.357468
15.392354
15.427241
15.531406
15.645238
15.752602
15.698567
15.644532
15.603598
15.612502
15.621405
15.689028
15.844690
16.000353
16.011960
15.931012
15.850065
15.943065
16.071887
16.188894
16.130245
16.071595
16.057981
16.143879
16.229778
16.311381
16.389761
16.468142
16.461070
16.438224
16.421524
16.447026
16.472527
16.543252
16.677318
16.811384
16.848837
16.847394
16.846235
16.863694
16.881153
16.934233
17.063454
17.192674
17.270212
17.316985
17.363758
17.295972
17.220672
17.214783
17.412962
17.611142
17.640929
17.543264
17.445598
17.466104
17.502989
17.553331
17.659340
17.765349
17.813228
17.805802
17.798375
17.844970
17.902636
17.996240
18.294367
18.592494
18.809663
18.932174
19.054685
19.089576
19.097948
19.118304
19.302045
19.485787
19.669761
19.854145
20.038529
20.183672
20.307494
20.431316
20.640596
20.856586
21.062090
21.224917
21.387744
21.666977
22.083889
22.500800
22.678838
22.759988
22.841138
23.200222
23.572991
23.940631
24.284721
24.628811
24.916093
25.113131
25.310169
25.531879
25.772282
26.012684
26.282411
26.562221
26.842031
27.140686
27.441455
27.744997
28.134305
28.523614
28.885626
29.083923
29.282219
29.550251
30.050073
30.549894
30.966302
31.184588
31.402873
31.650770
31.957824
32.264879
32.540421
32.754859
32.969297
33.242080
33.641151
34.040223
34.424495
34.766413
35.108330
35.456014
35.832119
36.208224
36.582556
36.920163
37.257769
37.595376
38.031097
38.480157
38.929217
39.404652
39.893274
40.381896
40.848369
41.282381
41.716392
42.136383
42.420167
42.703951
42.987734
43.380998
43.818013
44.255029
44.747340
45.379541
46.011742
46.643943
47.056161
47.409646
47.763130
48.199010
48.919313
49.639616
50.359919
50.825008
51.110350
51.395693
51.681036
52.450038
53.291080
54.132123
54.927704
55.364927
55.802150
56.239374
57.043353
58.328150
59.612948
60.897745
61.847510
62.729190
63.610871
64.518893
65.487794
66.456695
67.425596
68.517898
69.633292
70.748685
71.679654
72.374881
73.070109
73.791454
74.786377
75.781299
76.776221
77.861382
78.970103
80.078824
81.085196
82.006002
82.926808
83.902206
84.984268
86.066329
87.103486
87.925234
88.746982
89.568461
90.383373
91.198286
92.013198
92.902285
93.795338
94.688391
95.776815
96.889346
98.001877
99.251774
100.523966
101.796158
102.940284
104.063439
105.186595
105.736384
106.213945
106.691506
107.416753
108.157556
108.900297
109.761100
110.621904
111.505219
112.567582
113.629944
114.592247
115.216893
115.841540
116.595577
117.575286
118.554995
119.329889
119.913483
120.497077
121.406057
122.463495
123.520932
123.964434
124.315827
124.698924
125.526077
126.353231
126.938377
126.885533
126.832690
127.573579
129.127458
130.681336
130.891737
130.564463
130.237190
129.795147
129.346920
129.199908
130.323374
131.446841
131.973243
131.744188
131.515133
132.404073
133.779247
135.154421
134.331552
133.409832
132.730737
132.909701
133.088665
133.053766
132.792178
132.530590
133.105072
133.956299
134.797540
135.113203
135.428867
135.109845
133.212948
131.316052
131.191731
132.483525
133.775319
132.827316
131.398321
130.114908
130.372936
130.630963
131.161629
132.210777
133.259925
133.897641
134.260537
134.623433
133.757721
132.673603
131.732820
132.324056
132.915293
133.211234
132.883196
132.555159
132.505083
132.684575
132.864067
132.608274
132.218468
131.828663
131.337187
130.842673
130.382565
130.095899
129.809234
129.680915
129.849758
130.018601
130.070792
130.013888
129.956984
129.889131
129.815894
129.742657
129.887862
130.085096
130.282330
129.370881
128.373502
127.432537
128.334450
129.236363
129.972885
129.384189
128.795492
128.417745
129.070375
129.723004
130.049156
129.105054
128.160952
127.433444
127.512682
127.591920
127.656077
