0.000000
0.001157
0.002315
0.003472
0.004630
0.005787
0.006944
0.008102
0.009259
0.010417
0.011574
0.012731
0.013889
0.015046
0.016204
0.017361
0.018519
0.019676
0.020833
0.021991
0.023148
0.024306
0.025463
0.026620
0.027778
0.028935
0.030093
0.031250
0.032407
0.033565
0.034722
0.035880
0.037037
0.038194
0.039352
0.040509
0.041667
0.042824
0.043981
0.045139
0.046296
0.047454
0.048611
0.049769
0.050926
0.052083
0.053241
0.054398
0.055556
0.056713
0.057870
0.059028
0.060185
0.061343
0.062500
0.063657
0.064815
0.065972
0.067130
0.068287
0.069444
0.070602
0.071759
0.072917
0.074074
0.075231
0.076389
0.077546
0.078704
0.079861
0.081019
0.082176
0.083333
0.084491
0.085648
0.086806
0.087963
0.089120
0.090278
0.091435
0.092593
0.093750
0.094907
0.096065
0.097222
0.098380
0.099537
0.100694
0.101852
0.103009
0.104167
0.105324
0.106481
0.107639
0.108796
0.109954
0.111111
0.112269
0.113426
0.114583
0.115741
0.116898
0.118056
0.119213
0.120370
0.121528
0.122685
0.123843
0.125000
0.126157
0.127315
0.128472
0.129630
0.130787
0.131944
0.133102
0.134259
0.135417
0.136574
0.137731
0.138889
0.140046
0.141204
0.142361
0.143519
0.144676
0.145833
0.146991
0.148148
0.149306
0.150463
0.151620
0.152778
0.153935
0.155093
0.156250
0.157407
0.158565
0.159722
0.160880
0.162037
0.163194
0.164352
0.165509
0.166667
0.167824
0.168981
0.170139
0.171296
0.172454
0.173611
0.174769
0.175926
0.177083
0.178241
0.179398
0.180556
0.181713
0.182870
0.184028
0.185185
0.186343
0.187500
0.188657
0.189815
0.190972
0.192130
0.193287
0.194444
0.195602
0.196759
0.197917
0.199074
0.200231
0.201389
0.202546
0.203704
0.204861
0.206019
0.207176
0.208333
0.209491
0.210648
0.211806
0.212963
0.214120
0.215278
0.216435
0.217593
0.218750
0.219907
0.221065
0.222222
0.223380
0.224537
0.225694
0.226852
0.228009
0.229167
0.230324
0.231481
0.232639
0.233796
0.234954
0.236111
0.237269
0.238426
0.239583
0.240741
0.241898
0.243056
0.244213
0.245370
0.246528
0.247685
0.248843
0.250000
0.251157
0.252315
0.253472
0.254630
0.255787
0.256944
0.258102
0.259259
0.260417
0.261574
0.262731
0.263889
0.265046
0.266204
0.267361
0.268519
0.269676
0.270833
0.271991
0.273148
0.274306
0.275463
0.276620
0.277778
0.278935
0.280093
0.281250
0.282407
0.283565
0.284722
0.285880
0.287037
0.288194
0.289352
0.290509
0.291667
0.292824
0.293981
0.295139
0.296296
0.297454
0.298611
0.299769
0.300926
0.302083
0.303241
0.304398
0.305556
0.306713
0.307870
0.309028
0.310185
0.311343
0.312500
0.313657
0.314815
0.315972
0.317130
0.318287
0.319444
0.320602
0.321759
0.322917
0.324074
0.325231
0.326389
0.327546
0.328704
0.329861
0.331019
0.332176
0.333333
0.334491
0.335648
0.336806
0.337963
0.339120
0.340278
0.341435
0.342593
0.343750
0.344907
0.346065
0.347222
0.348380
0.349537
0.350694
0.351852
0.353009
0.354167
0.355324
0.356481
0.357639
0.358796
0.359954
0.361111
0.362269
0.363426
0.364583
0.365741
0.366898
0.368056
0.369213
0.370370
0.371528
0.372685
0.373843
0.375000
0.376157
0.377315
0.378472
0.379630
0.380787
0.381944
0.383102
0.384259
0.385417
0.386574
0.387731
0.388889
0.390046
0.391204
0.392361
0.393519
0.394676
0.395833
0.396991
0.398148
0.399306
0.400463
0.401620
0.402778
0.403935
0.405093
0.406250
0.407407
0.408565
0.409722
0.410880
0.412037
0.413194
0.414352
0.415509
0.416667
0.417824
0.418981
0.420139
0.421296
0.422454
0.423611
0.424769
0.425926
0.427083
0.428241
0.429398
0.430556
0.431713
0.432870
0.434028
0.435185
0.436343
0.437500
0.438657
0.439815
0.440972
0.442130
0.443287
0.444444
0.445602
0.446759
0.447917
0.449074
0.450231
0.451389
0.452546
0.453704
0.454861
0.456019
0.457176
0.458333
0.459491
0.460648
0.461806
0.462963
0.464120
0.465278
0.466435
0.467593
0.468750
0.469907
0.471065
0.472222
0.473380
0.474537
0.475694
0.476852
0.478009
0.479167
0.480324
0.481481
0.482639
0.483796
0.484954
0.486111
0.487269
0.488426
0.489583
0.490741
0.491898
0.493056
0.494213
0.495370
0.496528
0.497685
0.498843
0.500000
0.501157
0.502315
0.503472
0.504630
0.505787
0.506944
0.508102
0.509259
0.510417
0.511574
0.512731
0.513889
0.515046
0.516204
0.517361
0.518519
0.519676
0.520833
0.521991
0.523148
0.524306
0.525463
0.526620
0.527778
0.528935
0.530093
0.531250
0.532407
0.533565
0.534722
0.535880
0.537037
0.538194
0.539352
0.540509
0.541667
0.542824
0.543981
0.545139
0.546296
0.547454
0.548611
0.549769
0.550926
0.552083
0.553241
0.554398
0.555556
0.556713
0.557870
0.559028
0.560185
0.561343
0.562500
0.563657
0.564815
0.565972
0.567130
0.568287
0.569444
0.570602
0.571759
0.572917
0.574074
0.575231
0.576389
0.577546
0.578704
0.579861
0.581019
0.582176
0.583333
0.584491
0.585648
0.586806
0.587963
0.589120
0.590278
0.591435
0.592593
0.593750
0.594907
0.596065
0.597222
0.598380
0.599537
0.600694
0.601852
0.603009
0.604167
0.605324
0.606481
0.607639
0.608796
0.609954
0.611111
0.612269
0.613426
0.614583
0.615741
0.616898
0.618056
0.619213
0.620370
0.621528
0.622685
0.623843
0.625000
0.626157
0.627315
0.628472
0.629630
0.630787
0.631944
0.633102
0.634259
0.635417
0.636574
0.637731
0.638889
0.640046
0.641204
0.642361
0.643519
0.644676
0.645833
0.646991
0.648148
0.649306
0.650463
0.651620
0.652778
0.653935
0.655093
0.656250
0.657407
0.658565
0.659722
0.660880
0.662037
0.663194
0.664352
0.665509
0.666667
0.667824
0.668981
0.670139
0.671296
0.672454
0.673611
0.674769
0.675926
0.677083
0.678241
0.679398
0.680556
0.681713
0.682870
0.684028
0.685185
0.686343
0.687500
0.688657
0.689815
0.690972
0.692130
0.693287
0.694444
0.695602
0.696759
0.697917
0.699074
0.700231
0.701389
0.702546
0.703704
0.704861
0.706019
0.707176
0.708333
0.709491
0.710648
0.711806
0.712963
0.714120
0.715278
0.716435
0.717593
0.718750
0.719907
0.721065
0.722222
0.723380
0.724537
0.725694
0.726852
0.728009
0.729167
0.730324
0.731481
0.732639
0.733796
0.734954
0.736111
0.737269
0.738426
0.739583
0.740741
0.741898
0.743056
0.744213
0.745370
0.746528
0.747685
0.748843
0.750000
0.751157
0.752315
0.753472
0.754630
0.755787
0.756944
0.758102
0.759259
0.760417
0.761574
0.762731
0.763889
0.765046
0.766204
0.767361
0.768519
0.769676
0.770833
0.771991
0.773148
0.774306
0.775463
0.776620
0.777778
0.778935
0.780093
0.781250
0.782407
0.783565
0.784722
0.785880
0.787037
0.788194
0.789352
0.790509
0.791667
0.792824
0.793981
0.795139
0.796296
0.797454
0.798611
0.799769
0.800926
0.802083
0.803241
0.804398
0.805556
0.806713
0.807870
0.809028
0.810185
0.811343
0.812500
0.813657
0.814815
0.815972
0.817130
0.818287
0.819444
0.820602
0.821759
0.822917
0.824074
0.825231
0.826389
0.827546
0.828704
0.829861
0.831019
0.832176
0.833333
0.834491
0.835648
0.836806
0.837963
0.839120
0.840278
0.841435
0.842593
0.843750
0.844907
0.846065
0.847222
0.848380
0.849537
0.850694
0.851852
0.853009
0.854167
0.855324
0.856481
0.857639
0.858796
0.859954
0.861111
0.862269
0.863426
0.864583
0.865741
0.866898
0.868056
0.869213
0.870370
0.871528
0.872685
0.873843
0.875000
0.876157
0.877315
0.878472
0.879630
0.880787
0.881944
0.883102
0.884259
0.885417
0.886574
0.887731
0.888889
0.890046
0.891204
0.892361
0.893519
0.894676
0.895833
0.896991
0.898148
0.899306
0.900463
0.901620
0.902778
0.903935
0.905093
0.906250
0.907407
0.908565
0.909722
0.910880
0.912037
0.913194
0.914352
0.915509
0.916667
0.917824
0.918981
0.920139
0.921296
0.922454
0.923611
0.924769
0.925926
0.927083
0.928241
0.929398
0.930556
0.931713
0.932870
0.934028
0.935185
0.936343
0.937500
0.938657
0.939815
0.940972
0.942130
0.943287
0.944444
0.945602
0.946759
0.947917
0.949074
0.950231
0.951389
0.952546
0.953704
0.954861
0.956019
0.957176
0.958333
0.959491
0.960648
0.961806
0.962963
0.964120
0.965278
0.966435
0.967593
0.968750
0.969907
0.971065
0.972222
0.973380
0.974537
0.975694
0.976852
0.978009
0.979167
0.980324
0.981481
0.982639
0.983796
0.984954
0.986111
0.987269
0.988426
0.989583
0.990741
0.991898
0.993056
0.994213
0.995370
0.996528
0.997685
0.998843
1.000000
1.001157
1.002315
1.003472
1.004630
1.005787
1.006944
1.008102
1.009259
1.010417
1.011574
1.012731
1.013889
1.015046
1.016204
1.017361
1.018519
1.019676
1.020833
1.021991
1.023148
1.024306
1.025463
1.026620
1.027778
1.028935
1.030093
1.031250
1.032407
1.033565
1.034722
1.035880
1.037037
1.038194
1.039352
1.040509
1.041667
1.042824
1.043981
1.045139
1.046296
1.047454
1.048611
1.049769
1.050926
1.052083
1.053241
1.054398
1.055556
1.056713
1.057870
1.059028
1.060185
1.061343
1.062500
1.063657
1.064815
1.065972
1.067130
1.068287
1.069444
1.070602
1.071759
1.072917
1.074074
1.075231
1.076389
1.077546
1.078704
1.079861
1.081019
1.082176
1.083333
1.084491
1.085648
1.086806
1.087963
1.089120
1.090278
1.091435
1.092593
1.093750
1.094907
1.096065
1.097222
1.098380
1.099537
1.100694
1.101852
1.103009
1.104167
1.105324
1.106481
1.107639
1.108796
1.109954
1.111111
1.112269
1.113426
1.114583
1.115741
1.116898
1.118056
1.119213
1.120370
1.121528
1.122685
1.123843
1.125000
1.126157
1.127315
1.128472
1.129630
1.130787
1.131944
1.133102
1.134259
1.135417
1.136574
1.137731
1.138889
1.140046
1.141204
1.142361
1.143519
1.144676
1.145833
1.146991
1.148148
1.149306
1.150463
1.151620
1.152778
1.153935
1.155093
1.156250
1.157407
1.158565
1.159722
1.160880
1.162037
1.163194
1.164352
1.165509
1.166667
1.167824
1.168981
1.170139
1.171296
1.172454
1.173611
1.174769
1.175926
1.177083
1.178241
1.179398
1.180556
1.181713
1.182870
1.184028
1.185185
1.186343
1.187500
1.188657
1.189815
1.190972
1.192130
1.193287
1.194444
1.195602
1.196759
1.197917
1.199074
1.200231
1.201389
1.202546
1.203704
1.204861
1.206019
1.207176
1.208333
1.209491
1.210648
1.211806
1.212963
1.214120
1.215278
1.216435
1.217593
1.218750
1.219907
1.221065
1.222222
1.223380
1.224537
1.225694
1.226852
1.228009
1.229167
1.230324
1.231481
1.232639
1.233796
1.234954
1.236111
1.237269
1.238426
1.239583
1.240741
1.241898
1.243056
1.244213
1.245370
1.246528
1.247685
1.248843
1.250000
1.251157
1.252315
1.253472
1.254630
1.255787
1.256944
1.258102
1.259259
1.260417
1.261574
1.262731
1.263889
1.265046
1.266204
1.267361
1.268519
1.269676
1.270833
1.271991
1.273148
1.274306
1.275463
1.276620
1.277778
1.278935
1.280093
1.281250
1.282407
1.283565
1.284722
1.285880
1.287037
1.288194
1.289352
1.290509
1.291667
1.292824
1.293981
1.295139
1.296296
1.297454
1.298611
1.299769
1.300926
1.302083
1.303241
1.304398
1.305556
1.306713
1.307870
1.309028
1.310185
1.311343
1.312500
1.313657
1.314815
1.315972
1.317130
1.318287
1.319444
1.320602
1.321759
1.322917
1.324074
1.325231
1.326389
1.327546
1.328704
1.329861
1.331019
1.332176
1.333333
1.334491
1.335648
1.336806
1.337963
1.339120
1.340278
1.341435
1.342593
1.343750
1.344907
1.346065
1.347222
1.348380
1.349537
1.350694
1.351852
1.353009
1.354167
1.355324
1.356481
1.357639
1.358796
1.359954
1.361111
1.362269
1.363426
1.364583
1.365741
1.366898
1.368056
1.369213
1.370370
1.371528
1.372685
1.373843
1.375000
1.376157
1.377315
1.378472
1.379630
1.380787
1.381944
1.383102
1.384259
1.385417
1.386574
1.387731
1.388889
1.390046
1.391204
1.392361
1.393519
1.394676
1.395833
1.396991
1.398148
1.399306
1.400463
1.401620
1.402778
1.403935
1.405093
1.406250
1.407407
1.408565
1.409722
1.410880
1.412037
1.413194
1.414352
1.415509
1.416667
1.417824
1.418981
1.420139
1.421296
1.422454
1.423611
1.424769
1.425926
1.427083
1.428241
1.429398
1.430556
1.431713
1.432870
1.434028
1.435185
1.436343
1.437500
1.438657
1.439815
1.440972
1.442130
1.443287
1.444444
1.445602
1.446759
1.447917
1.449074
1.450231
1.451389
1.452546
1.453704
1.454861
1.456019
1.457176
1.458333
1.459491
1.460648
1.461806
1.462963
1.464120
1.465278
1.466435
1.467593
1.468750
1.469907
1.471065
1.472222
1.473380
1.474537
1.475694
1.476852
1.478009
1.479167
1.480324
1.481481
1.482639
1.483796
1.484954
1.486111
1.487269
1.488426
1.489583
1.490741
1.491898
1.493056
1.494213
1.495370
1.496528
1.497685
1.498843
1.500000
1.501157
1.502315
1.503472
1.504630
1.505787
1.506944
1.508102
1.509259
1.510417
1.511574
1.512731
1.513889
1.515046
1.516204
1.517361
1.518519
1.519676
1.520833
1.521991
1.523148
1.524306
1.525463
1.526620
1.527778
1.528935
1.530093
1.531250
1.532407
1.533565
1.534722
1.535880
1.537037
1.538194
1.539352
1.540509
1.541667
1.542824
1.543981
1.545139
1.546296
1.547454
1.548611
1.549769
1.550926
1.552083
1.553241
1.554398
1.555556
1.556713
1.557870
1.559028
1.560185
1.561343
1.562500
1.563657
1.564815
1.565972
1.567130
1.568287
1.569444
1.570602
1.571759
1.572917
1.574074
1.575231
1.576389
1.577546
1.578704
1.579861
1.581019
1.582176
1.583333
1.584491
1.585648
1.586806
1.587963
1.589120
1.590278
1.591435
1.592593
1.593750
1.594907
1.596065
1.597222
1.598380
1.599537
1.600694
1.601852
1.603009
1.604167
1.605324
1.606481
1.607639
1.608796
1.609954
1.611111
1.612269
1.613426
1.614583
1.615741
1.616898
1.618056
1.619213
1.620370
1.621528
1.622685
1.623843
1.625000
1.626157
1.627315
1.628472
1.629630
1.630787
1.631944
1.633102
1.634259
1.635417
1.636574
1.637731
1.638889
1.640046
1.641204
1.642361
1.643519
1.644676
1.645833
1.646991
1.648148
1.649306
1.650463
1.651620
1.652778
1.653935
1.655093
1.656250
1.657407
1.658565
1.659722
1.660880
1.662037
1.663194
1.664352
1.665509
1.666667
1.667824
1.668981
1.670139
1.671296
1.672454
1.673611
1.674769
1.675926
1.677083
1.678241
1.679398
1.680556
1.681713
1.682870
1.684028
1.685185
1.686343
1.687500
1.688657
1.689815
1.690972
1.692130
1.693287
1.694444
1.695602
1.696759
1.697917
1.699074
1.700231
1.701389
1.702546
1.703704
1.704861
1.706019
1.707176
1.708333
1.709491
1.710648
1.711806
1.712963
1.714120
1.715278
1.716435
1.717593
1.718750
1.719907
1.721065
1.722222
1.723380
1.724537
1.725694
1.726852
1.728009
1.729167
1.730324
1.731481
1.732639
1.733796
1.734954
1.736111
1.737269
1.738426
1.739583
1.740741
1.741898
1.743056
1.744213
1.745370
1.746528
1.747685
1.748843
1.750000
1.751157
1.752315
1.753472
1.754630
1.755787
1.756944
1.758102
1.759259
1.760417
1.761574
1.762731
1.763889
1.765046
1.766204
1.767361
1.768519
1.769676
1.770833
1.771991
1.773148
1.774306
1.775463
1.776620
1.777778
1.778935
1.780093
1.781250
1.782407
1.783565
1.784722
1.785880
1.787037
1.788194
1.789352
1.790509
1.791667
1.792824
1.793981
1.795139
1.796296
1.797454
1.798611
1.799769
1.800926
1.802083
1.803241
1.804398
1.805556
1.806713
1.807870
1.809028
1.810185
1.811343
1.812500
1.813657
1.814815
1.815972
1.817130
1.818287
1.819444
1.820602
1.821759
1.822917
1.824074
1.825231
1.826389
1.827546
1.828704
1.829861
1.831019
1.832176
1.833333
1.834491
1.835648
1.836806
1.837963
1.839120
1.840278
1.841435
1.842593
1.843750
1.844907
1.846065
1.847222
1.848380
1.849537
1.850694
1.851852
1.853009
1.854167
1.855324
1.856481
1.857639
1.858796
1.859954
1.861111
1.862269
1.863426
1.864583
1.865741
1.866898
1.868056
1.869213
1.870370
1.871528
1.872685
1.873843
1.875000
1.876157
1.877315
1.878472
1.879630
1.880787
1.881944
1.883102
1.884259
1.885417
1.886574
1.887731
1.888889
1.890046
1.891204
1.892361
1.893519
1.894676
1.895833
1.896991
1.898148
1.899306
1.900463
1.901620
1.902778
1.903935
1.905093
1.906250
1.907407
1.908565
1.909722
1.910880
1.912037
1.913194
1.914352
1.915509
1.916667
1.917824
1.918981
1.920139
1.921296
1.922454
1.923611
1.924769
1.925926
1.927083
1.928241
1.929398
1.930556
1.931713
1.932870
1.934028
1.935185
1.936343
1.937500
1.938657
1.939815
1.940972
1.942130
1.943287
1.944444
1.945602
1.946759
1.947917
1.949074
1.950231
1.951389
1.952546
1.953704
1.954861
1.956019
1.957176
1.958333
1.959491
1.960648
1.961806
1.962963
1.964120
1.965278
1.966435
1.967593
1.968750
1.969907
1.971065
1.972222
1.973380
1.974537
1.975694
1.976852
1.978009
1.979167
1.980324
1.981481
1.982639
1.983796
1.984954
1.986111
1.987269
1.988426
1.989583
1.990741
1.991898
1.993056
1.994213
1.995370
1.996528
1.997685
1.998843
2.000000
2.001157
2.002315
2.003472
2.004630
2.005787
2.006944
2.008102
2.009259
2.010417
2.011574
2.012731
2.013889
2.015046
2.016204
2.017361
2.018519
2.019676
2.020833
2.021991
2.023148
2.024306
2.025463
2.026620
2.027778
2.028935
2.030093
2.031250
2.032407
2.033565
2.034722
2.035880
2.037037
2.038194
2.039352
2.040509
2.041667
2.042824
2.043981
2.045139
2.046296
2.047454
2.048611
2.049769
2.050926
2.052083
2.053241
2.054398
2.055556
2.056713
2.057870
2.059028
2.060185
2.061343
2.062500
2.063657
2.064815
2.065972
2.067130
2.068287
2.069444
2.070602
2.071759
2.072917
2.074074
2.075231
2.076389
2.077546
2.078704
2.079861
2.081019
2.082176
2.083333
2.084491
2.085648
2.086806
2.087963
2.089120
2.090278
2.091435
2.092593
2.093750
2.094907
2.096065
2.097222
2.098380
2.099537
2.100694
2.101852
2.103009
2.104167
2.105324
2.106481
2.107639
2.108796
2.109954
2.111111
2.112269
2.113426
2.114583
2.115741
2.116898
2.118056
2.119213
2.120370
2.121528
2.122685
2.123843
2.125000
2.126157
2.127315
2.128472
2.129630
2.130787
2.131944
2.133102
2.134259
2.135417
2.136574
2.137731
2.138889
2.140046
2.141204
2.142361
2.143519
2.144676
2.145833
2.146991
2.148148
2.149306
2.150463
2.151620
2.152778
2.153935
2.155093
2.156250
2.157407
2.158565
2.159722
2.160880
2.162037
2.163194
2.164352
2.165509
2.166667
2.167824
2.168981
2.170139
2.171296
2.172454
2.173611
2.174769
2.175926
2.177083
2.178241
2.179398
2.180556
2.181713
2.182870
2.184028
2.185185
2.186343
2.187500
2.188657
2.189815
2.190972
2.192130
2.193287
2.194444
2.195602
2.196759
2.197917
2.199074
2.200231
2.201389
2.202546
2.203704
2.204861
2.206019
2.207176
2.208333
2.209491
2.210648
2.211806
2.212963
2.214120
2.215278
2.216435
2.217593
2.218750
2.219907
2.221065
2.222222
2.223380
2.224537
2.225694
2.226852
2.228009
2.229167
2.230324
2.231481
2.232639
2.233796
2.234954
2.236111
2.237269
2.238426
2.239583
2.240741
2.241898
2.243056
2.244213
2.245370
2.246528
2.247685
2.248843
2.250000
2.251157
2.252315
2.253472
2.254630
2.255787
2.256944
2.258102
2.259259
2.260417
2.261574
2.262731
2.263889
2.265046
2.266204
2.267361
2.268519
2.269676
2.270833
2.271991
2.273148
2.274306
2.275463
2.276620
2.277778
2.278935
2.280093
2.281250
2.282407
2.283565
2.284722
2.285880
2.287037
2.288194
2.289352
2.290509
2.291667
2.292824
2.293981
2.295139
2.296296
2.297454
2.298611
2.299769
2.300926
2.302083
2.303241
2.304398
2.305556
2.306713
2.307870
2.309028
2.310185
2.311343
2.312500
2.313657
2.314815
2.315972
2.317130
2.318287
2.319444
2.320602
2.321759
2.322917
2.324074
2.325231
2.326389
2.327546
2.328704
2.329861
2.331019
2.332176
2.333333
2.334491
2.335648
2.336806
2.337963
2.339120
2.340278
2.341435
2.342593
2.343750
2.344907
2.346065
2.347222
2.348380
2.349537
2.350694
2.351852
2.353009
2.354167
2.355324
2.356481
2.357639
2.358796
2.359954
2.361111
2.362269
2.363426
2.364583
2.365741
2.366898
2.368056
2.369213
2.370370
2.371528
2.372685
2.373843
2.375000
2.376157
2.377315
2.378472
2.379630
2.380787
2.381944
2.383102
2.384259
2.385417
2.386574
2.387731
2.388889
2.390046
2.391204
2.392361
2.393519
2.394676
2.395833
2.396991
2.398148
2.399306
2.400463
2.401620
2.402778
2.403935
2.405093
2.406250
2.407407
2.408565
2.409722
2.410880
2.412037
2.413194
2.414352
2.415509
2.416667
2.417824
2.418981
2.420139
2.421296
2.422454
2.423611
2.424769
2.425926
2.427083
2.428241
2.429398
2.430556
2.431713
2.432870
2.434028
2.435185
2.436343
2.437500
2.438657
2.439815
2.440972
2.442130
2.443287
2.444444
2.445602
2.446759
2.447917
2.449074
2.450231
2.451389
2.452546
2.453704
2.454861
2.456019
2.457176
2.458333
2.459491
2.460648
2.461806
2.462963
2.464120
2.465278
2.466435
2.467593
2.468750
2.469907
2.471065
2.472222
2.473380
2.474537
2.475694
2.476852
2.478009
2.479167
2.480324
2.481481
2.482639
2.483796
2.484954
2.486111
2.487269
2.488426
2.489583
2.490741
2.491898
2.493056
2.494213
2.495370
2.496528
2.497685
2.498843
2.500000
2.501157
2.502315
2.503472
2.504630
2.505787
2.506944
2.508102
2.509259
2.510417
2.511574
2.512731
2.513889
2.515046
2.516204
2.517361
2.518519
2.519676
2.520833
2.521991
2.523148
2.524306
2.525463
2.526620
2.527778
2.528935
2.530093
2.531250
2.532407
2.533565
2.534722
2.535880
2.537037
2.538194
2.539352
2.540509
2.541667
2.542824
2.543981
2.545139
2.546296
2.547454
2.548611
2.549769
2.550926
2.552083
2.553241
2.554398
2.555556
2.556713
2.557870
2.559028
2.560185
2.561343
2.562500
2.563657
2.564815
2.565972
2.567130
2.568287
2.569444
2.570602
2.571759
2.572917
2.574074
2.575231
2.576389
2.577546
2.578704
2.579861
2.581019
2.582176
2.583333
2.584491
2.585648
2.586806
2.587963
2.589120
2.590278
2.591435
2.592593
2.593750
2.594907
2.596065
2.597222
2.598380
2.599537
2.600694
2.601852
2.603009
2.604167
2.605324
2.606481
2.607639
2.608796
2.609954
2.611111
2.612269
2.613426
2.614583
2.615741
2.616898
2.618056
2.619213
2.620370
2.621528
2.622685
2.623843
2.625000
2.626157
2.627315
2.628472
2.629630
2.630787
2.631944
2.633102
2.634259
2.635417
2.636574
2.637731
2.638889
2.640046
2.641204
2.642361
2.643519
2.644676
2.645833
2.646991
2.648148
2.649306
2.650463
2.651620
2.652778
2.653935
2.655093
2.656250
2.657407
2.658565
2.659722
2.660880
2.662037
2.663194
2.664352
2.665509
2.666667
2.667824
2.668981
2.670139
2.671296
2.672454
2.673611
2.674769
2.675926
2.677083
2.678241
2.679398
2.680556
2.681713
2.682870
2.684028
2.685185
2.686343
2.687500
2.688657
2.689815
2.690972
2.692130
2.693287
2.694444
2.695602
2.696759
2.697917
2.699074
2.700231
2.701389
2.702546
2.703704
2.704861
2.706019
2.707176
2.708333
2.709491
2.710648
2.711806
2.712963
2.714120
2.715278
2.716435
2.717593
2.718750
2.719907
2.721065
2.722222
2.723380
2.724537
2.725694
2.726852
2.728009
2.729167
2.730324
2.731481
2.732639
2.733796
2.734954
2.736111
2.737269
2.738426
2.739583
2.740741
2.741898
2.743056
2.744213
2.745370
2.746528
2.747685
2.748843
2.750000
2.751157
2.752315
2.753472
2.754630
2.755787
2.756944
2.758102
2.759259
2.760417
2.761574
2.762731
2.763889
2.765046
2.766204
2.767361
2.768519
2.769676
2.770833
2.771991
2.773148
2.774306
2.775463
2.776620
2.777778
2.778935
2.780093
2.781250
2.782407
2.783565
2.784722
2.785880
2.787037
2.788194
2.789352
2.790509
2.791667
2.792824
2.793981
2.795139
2.796296
2.797454
2.798611
2.799769
2.800926
2.802083
2.803241
2.804398
2.805556
2.806713
2.807870
2.809028
2.810185
2.811343
2.812500
2.813657
2.814815
2.815972
2.817130
2.818287
2.819444
2.820602
2.821759
2.822917
2.824074
2.825231
2.826389
2.827546
2.828704
2.829861
2.831019
2.832176
2.833333
2.834491
2.835648
2.836806
2.837963
2.839120
2.840278
2.841435
2.842593
2.843750
2.844907
2.846065
2.847222
2.848380
2.849537
2.850694
2.851852
2.853009
2.854167
2.855324
2.856481
2.857639
2.858796
2.859954
2.861111
2.862269
2.863426
2.864583
2.865741
2.866898
2.868056
2.869213
2.870370
2.871528
2.872685
2.873843
2.875000
2.876157
2.877315
2.878472
2.879630
2.880787
2.881944
2.883102
2.884259
2.885417
2.886574
2.887731
2.888889
2.890046
2.891204
2.892361
2.893519
2.894676
2.895833
2.896991
2.898148
2.899306
2.900463
2.901620
2.902778
2.903935
2.905093
2.906250
2.907407
2.908565
2.909722
2.910880
2.912037
2.913194
2.914352
2.915509
2.916667
2.917824
2.918981
2.920139
2.921296
2.922454
2.923611
2.924769
2.925926
2.927083
2.928241
2.929398
2.930556
2.931713
2.932870
2.934028
2.935185
2.936343
2.937500
2.938657
2.939815
2.940972
2.942130
2.943287
2.944444
2.945602
2.946759
2.947917
2.949074
2.950231
2.951389
2.952546
2.953704
2.954861
2.956019
2.957176
2.958333
2.959491
2.960648
2.961806
2.962963
2.964120
2.965278
2.966435
2.967593
2.968750
2.969907
2.971065
2.972222
2.973380
2.974537
2.975694
2.976852
2.978009
2.979167
2.980324
2.981481
2.982639
2.983796
2.984954
2.986111
2.987269
2.988426
2.989583
2.990741
2.991898
2.993056
2.994213
2.995370
2.996528
2.997685
